area_fips,2020,2023,difference,percentage_of_2023
01000,4258418,4591025,332607,7.2447220391960405
01001,21916,24274,2358,9.714097388151933
01003,148248,165450,17202,10.397098821396192
01005,15636,15318,-318,-2.0759890325107717
01007,9432,9702,270,2.782931354359926
01009,16832,17910,1078,6.018983807928532
01011,5856,5728,-128,-2.2346368715083798
01013,12870,13872,1002,7.2231833910034595
01015,87428,85960,-1468,-1.7077710563052584
01017,17092,17858,766,4.289394109082764
01019,10072,10528,456,4.331306990881459
01021,18152,18176,24,0.13204225352112675
01023,7466,6678,-788,-11.799940101826895
01025,16014,16442,428,2.603089648461258
01027,8634,8520,-114,-1.3380281690140845
01029,4250,5346,1096,20.50130939019828
01031,32448,34394,1946,5.657963598302029
01033,47404,48082,678,1.4100910943804335
01035,6652,6636,-16,-0.24110910186859552
01037,2548,3000,452,15.066666666666666
01039,23348,24218,870,3.5923693120819222
01041,6908,7236,328,4.532891100055279
01043,57802,61722,3920,6.351057969605652
01045,34252,36210,1958,5.407346037006352
01047,22642,22748,106,0.465975030771936
01049,43956,46558,2602,5.588728038145969
01051,39364,41568,2204,5.302155504234026
01053,24242,25916,1674,6.4593301435406705
01055,64986,65950,964,1.461713419257013
01057,7894,7628,-266,-3.487152595700052
01059,21696,21654,-42,-0.19395954558049322
01061,10376,10834,458,4.2274321580210446
01063,3664,3744,80,2.1367521367521367
01065,5008,5288,280,5.29500756429652
01067,7280,8034,754,9.385113268608414
01069,96596,102210,5614,5.492613247236083
01071,29530,31334,1804,5.7573243122486755
01073,686276,734924,48648,6.619459971371189
01075,6612,6944,332,4.78110599078341
01077,58148,62308,4160,6.676510239455608
01079,9990,11336,1346,11.873676781933664
01081,118488,134398,15910,11.837973779371717
01083,50520,66566,16046,24.105399152720608
01085,4654,5996,1342,22.3815877251501
01087,9030,9486,456,4.80708412397217
01089,413310,459808,46498,10.112481731505325
01091,13892,14826,934,6.299743693511399
01093,20954,21706,752,3.464479867317792
01095,75852,81832,5980,7.307654707205005
01097,332090,345294,13204,3.8239876742717804
01099,12430,11866,-564,-4.753076015506489
01101,253650,267238,13588,5.0846062311497615
01103,99666,104752,5086,4.855277226210478
01105,3848,3608,-240,-6.651884700665188
01107,7008,7672,664,8.654848800834202
01109,26287,30752,4465,14.519380853277836
01111,9274,9894,620,6.26642409541136
01113,27600,28580,980,3.4289713086074176
01115,37760,43398,5638,12.991382091340615
01117,165292,173396,8104,4.673694894922606
01119,5716,5860,144,2.457337883959044
01121,59012,63444,4432,6.985688165941618
01123,25918,25480,-438,-1.718995290423862
01125,181366,198370,17004,8.571860664414983
01127,35264,37310,2046,5.483784508174752
01129,6842,12098,5256,43.4451975533146
01131,5308,5252,-56,-1.0662604722010662
01133,16106,16040,-66,-0.4114713216957606
01999,124264,168744,44480,26.359455743611626
02000,655649,701318,45669,6.511881913768076
02013,2136,1628,-508,-31.203931203931205
02016,4814,4130,-684,-16.56174334140436
02020,251422,289846,38424,13.256694934551453
02050,12952,12562,-390,-3.1046011781563445
02060,1022,1182,160,13.536379018612521
02063,5716,6384,668,10.463659147869674
02066,1778,1868,90,4.817987152034261
02068,1612,1878,266,14.164004259850904
02070,3918,3754,-164,-4.3686734150239745
02090,68612,72392,3780,5.221571444358493
02100,1372,1590,218,13.71069182389937
02105,1270,1446,176,12.171507607192254
02110,30938,32298,1360,4.210787045637501
02122,36084,39558,3474,8.782041559229487
02130,12212,12826,614,4.787151099329487
02150,9320,9348,28,0.2995293110825845
02158,3832,4054,222,5.4760730143068574
02164,973,1372,399,29.081632653061224
02170,50474,56572,6098,10.779184048645973
02180,7540,7676,136,1.771756122980719
02185,19070,22274,3204,14.384484151926014
02188,5918,5740,-178,-3.1010452961672477
02195,2224,2184,-40,-1.8315018315018317
02198,4174,3994,-180,-4.506760140210315
02220,6986,7574,588,7.763401109057301
02230,661,976,315,32.27459016393443
02240,5084,6232,1148,18.421052631578945
02275,1324,1456,132,9.065934065934066
02282,516,562,46,8.185053380782918
02290,4340,4418,78,1.765504753282028
02999,3964,6584,2620,39.79343863912515
04000,6209272,6883314,674042,9.79240522806311
04001,33614,34172,558,1.6329158375278006
04003,71072,69924,-1148,-1.6417825067215834
04005,112532,130322,17790,13.65080339466859
04007,28508,30232,1724,5.702566816618153
04009,19670,21402,1732,8.09270161667134
04011,9850,11166,1316,11.785778255418233
04012,11728,12582,854,6.787474169448418
04013,4139850,4564432,424582,9.301967911889147
04015,102796,111650,8854,7.930138826690551
04017,53538,56244,2706,4.811179859184979
04019,734944,789336,54392,6.890855098462505
04021,127910,149758,21848,14.588870043670454
04023,27062,28572,1510,5.284894302113958
04025,129162,141596,12434,8.781321506257239
04027,147394,159864,12470,7.8003803232747835
04999,68606,158086,89480,56.60210265298635
05000,2588859,2799450,210591,7.522584793441569
05001,20748,20590,-158,-0.7673627974745022
05003,11392,11734,342,2.9146071245951934
05005,30112,32210,2098,6.513505122632724
05007,248872,282292,33420,11.838805208790898
05009,27882,29250,1368,4.676923076923077
05011,7278,7428,150,2.0193861066235863
05013,7004,6182,-822,-13.29666774506632
05015,21090,21110,20,0.09474182851729039
05017,5576,5466,-110,-2.012440541529455
05019,17080,17464,384,2.1988089784699953
05021,6220,6024,-196,-3.2536520584329347
05023,12402,12964,562,4.33508176488738
05025,1976,2186,210,9.606587374199451
05027,15472,16534,1062,6.4231280996734
05029,13852,13514,-338,-2.501109960041439
05031,104424,109928,5504,5.006913616185139
05033,38738,38988,250,0.6412229403919154
05035,30522,31662,1140,3.600530604510138
05037,9166,9542,376,3.9404736952420873
05039,5350,5216,-134,-2.5690184049079754
05041,8936,8782,-154,-1.7535868822591665
05043,13014,12682,-332,-2.6178836145718343
05045,81944,90798,8854,9.751316108284323
05047,9308,9850,542,5.50253807106599
05049,4164,3692,-472,-12.784398699891659
05051,72050,76576,4526,5.910468031759298
05053,8150,8964,814,9.080767514502455
05055,29880,31988,2108,6.589971239214705
05057,14982,15476,494,3.192039286637374
05059,16440,16218,-222,-1.368849426563078
05061,13072,12502,-570,-4.5592705167173255
05063,32794,35034,2240,6.393788890791802
05065,5546,6008,462,7.689747003994674
05067,10272,10100,-172,-1.7029702970297032
05069,53334,51634,-1700,-3.2924042297710807
05071,16374,16568,194,1.170931916948334
05073,2096,1976,-120,-6.0728744939271255
05075,7664,8166,502,6.147440607396523
05077,2799,3394,595,17.53093694755451
05079,5356,5200,-156,-3.0
05081,6064,6148,84,1.3662979830839297
05083,10346,10402,56,0.5383580080753702
05085,27564,30564,3000,9.815469179426776
05087,6782,7142,360,5.04060487258471
05089,6544,6616,72,1.0882708585247884
05091,24054,24930,876,3.513838748495788
05093,33678,37186,3508,9.433657828214919
05095,3860,3650,-210,-5.7534246575342465
05097,2262,2500,238,9.520000000000001
05099,4606,3802,-804,-21.146764860599685
05101,2006,1966,-40,-2.034587995930824
05103,13202,14550,1348,9.264604810996564
05105,2274,2072,-202,-9.749034749034749
05107,10206,9076,-1130,-12.4504186866461
05109,5210,5252,42,0.7996953541507997
05111,10296,10486,190,1.811939729162693
05113,11364,11802,438,3.7112353838332486
05115,48798,54562,5764,10.564128880906125
05117,3080,3184,104,3.2663316582914574
05119,484120,524448,40328,7.6896088840075665
05121,11924,11918,-6,-0.05034401745259272
05123,13500,13524,24,0.1774622892635315
05125,51118,54912,3794,6.909236596736597
05127,6028,6456,428,6.629491945477076
05129,2818,2780,-38,-1.3669064748201438
05131,124836,135606,10770,7.942126454581655
05133,9624,10064,440,4.372019077901431
05135,6794,7962,1168,14.669680984677216
05137,4932,5426,494,9.104312569111684
05139,32762,33410,648,1.9395390601616282
05141,6686,7602,916,12.0494606682452
05143,218558,242272,23714,9.788171971998414
05145,48202,51540,3338,6.476523088863019
05147,3610,3914,304,7.766990291262135
05149,12998,13272,274,2.0644966847498494
05999,75779,120466,44687,37.095113974067374
06000,35172615,38888644,3716029,9.555563315604422
06001,1465048,1601882,136834,8.542077381480034
06003,1346,2600,1254,48.23076923076923
06005,23078,24778,1700,6.860925014125434
06007,150436,157408,6972,4.429253913397032
06009,19262,20326,1064,5.23467480074781
06011,16952,18330,1378,7.5177304964539005
06013,680690,747426,66736,8.928776895639166
06015,15240,16094,854,5.306325338635516
06017,108400,116742,8342,7.145671652018983
06019,752466,841340,88874,10.563386977916181
06021,19016,18714,-302,-1.6137650956503153
06023,93940,101466,7526,7.417262925511994
06025,121330,129644,8314,6.412946221961679
06027,14062,15312,1250,8.163531870428423
06029,638492,686730,48238,7.024303583650052
06031,94206,101404,7198,7.0983393160033135
06033,31002,33186,2184,6.581088410775628
06035,18466,18116,-350,-1.9319938176197835
06037,8230246,9090550,860304,9.463717816853766
06039,99908,113112,13204,11.673385670839522
06041,208948,224468,15520,6.91412584421833
06043,8914,11552,2638,22.835872576177284
06045,59392,64034,4642,7.249273823281381
06047,152116,164718,12602,7.650651416360082
06049,4832,5220,388,7.432950191570881
06051,12526,16038,3512,21.89799226836264
06053,330712,355042,24330,6.852710383560255
06055,133840,151654,17814,11.746475529824469
06057,60428,70390,9962,14.152578491262963
06059,3007880,3338142,330262,9.893587510657126
06061,327360,369400,42040,11.380617217108826
06063,11686,12256,570,4.650783289817233
06065,1481454,1653800,172346,10.421211754746643
06067,1308754,1436632,127878,8.901235667867624
06069,31316,33824,2508,7.4148533585619685
06071,1559774,1716768,156994,9.144741747283266
06073,2740044,3086052,346008,11.211995131643926
06075,1330426,1439948,109522,7.605969104439883
06077,514800,572636,57836,10.099958787082894
06079,215082,237096,22014,9.284846644397206
06081,769404,845178,75774,8.965448698380696
06083,366304,420694,54390,12.928636966536247
06085,2096744,2252918,156174,6.93207653363327
06087,189284,203356,14072,6.919884340762013
06089,129850,138512,8662,6.2536097955411805
06091,1046,1154,108,9.358752166377817
06093,25612,27356,1744,6.375201052785496
06095,263264,286216,22952,8.019118428040361
06097,382798,414600,31802,7.670525808007718
06099,366190,391282,25092,6.412766240205274
06101,59894,64056,4162,6.497439740227301
06103,37248,40240,2992,7.435387673956262
06105,5218,5568,350,6.2859195402298855
06107,310604,352058,41454,11.774764385413768
06109,31652,34768,3116,8.962264150943396
06111,619286,664814,45528,6.848231234600956
06113,205742,217004,11262,5.189766087261064
06115,37518,41692,4174,10.011513000095942
06999,781210,1076698,295488,27.44390720517731
08000,5647900,6297790,649890,10.319334242647024
08001,453244,499224,45980,9.210294376872907
08003,15854,16420,566,3.4470158343483557
08005,643312,684098,40786,5.9620112907799765
08007,8472,9626,1154,11.988364845210887
08009,2228,2398,170,7.089241034195163
08011,2128,2354,226,9.60067969413764
08013,358054,392970,34916,8.885156627732396
08014,76563,87168,10605,12.166161894273127
08015,15994,18950,2956,15.598944591029024
08017,1186,1474,288,19.53867028493894
08019,5830,7012,1182,16.856816885339416
08021,2533,3358,825,24.568195354377607
08023,1792,2052,260,12.670565302144249
08025,1726,2410,684,28.38174273858921
08027,1680,1972,292,14.807302231237324
08029,16522,17750,1228,6.918309859154929
08031,971540,1142712,171172,14.979452390453588
08033,907,1176,269,22.874149659863946
08035,259948,292748,32800,11.204175604957165
08037,66976,73122,6146,8.405131150679686
08039,7544,9748,2204,22.60976610586787
08041,555206,624540,69334,11.101610785538156
08043,27402,28622,1220,4.262455453846691
08045,49558,55084,5526,10.031951201800887
08047,6844,9174,2330,25.39786352735993
08049,14504,17544,3040,17.327861377108984
08051,17674,19606,1932,9.85412628787106
08053,247,568,321,56.51408450704225
08055,3540,3592,52,1.447661469933185
08057,1112,1142,30,2.626970227670753
08059,465298,497392,32094,6.4524560105510345
08061,781,984,203,20.630081300813007
08063,5906,6216,310,4.987129987129987
08065,4724,5666,942,16.62548535121779
08067,47026,55110,8084,14.668844129921974
08069,313294,353892,40598,11.471861471861471
08071,9486,9564,78,0.8155583437892095
08073,4354,4520,166,3.672566371681416
08075,15594,15710,116,0.7383831954169319
08077,121864,132948,11084,8.337094202244486
08079,1130,1458,328,22.496570644718794
08081,8998,9712,714,7.35172981878089
08083,17616,18834,1218,6.467027715833068
08085,30232,33834,3602,10.646095643435597
08087,24098,25756,1658,6.437334989905265
08089,11832,12384,552,4.457364341085271
08091,3830,4520,690,15.265486725663715
08093,4988,6150,1162,18.89430894308943
08095,3206,3454,248,7.180081065431384
08097,31184,38862,7678,19.757089187380988
08099,8848,9904,1056,10.662358642972535
08101,120072,125962,5890,4.676013400866928
08103,5418,5824,406,6.971153846153847
08105,7778,8646,868,10.039324543141337
08107,29710,35334,5624,15.916680817343067
08109,2978,3320,342,10.301204819277109
08111,606,736,130,17.66304347826087
08113,10918,13208,2290,17.337976983646275
08115,1574,1442,-132,-9.153952843273231
08117,44740,49932,5192,10.398141472402466
08119,13840,16642,2802,16.83691863958659
08121,1903,2414,511,21.16818558409279
08123,209516,235740,26224,11.124119792992278
08125,7904,8058,154,1.91114420451725
08999,21811,56984,35173,61.72434367541766
09000,3374239,3609907,235668,6.528367628307322
09001,780688,842410,61722,7.326836101185884
09003,973258,1011056,37798,3.7384675032836956
09005,109111,123518,14407,11.663887044803186
09007,130170,141136,10966,7.769810679061331
09009,711316,762948,51632,6.767433691418026
09011,219820,239430,19610,8.1902852608278
09013,77900,50133,-27767,-55.386671453932536
09015,66844,40830,-26014,-63.712956159686506
09999,75279,51966,-23313,-44.86202517030366
10000,928164,1014200,86036,8.483139420232694
10001,79328,85227,5899,6.921515482182876
10003,560484,608422,47938,7.879070776533393
10005,151159,170342,19183,11.261462234798229
10999,6919,8628,1709,19.807603152526656
11000,1666886,1755440,88554,5.044547236020599
11001,1426602,1521854,95252,6.258944681947151
11999,66,108,42,38.88888888888889
12000,18404662,20898218,2493556,11.931907304249577
12001,261880,279996,18116,6.470092429891855
12003,15670,14810,-860,-5.806887238352465
12005,146648,160650,14002,8.71584189231248
12007,10489,12854,2365,18.3989419635911
12009,439090,484916,45826,9.45029654620594
12011,1561124,1750990,189866,10.843351475451032
12013,6022,6334,312,4.925797284496369
12015,98898,112580,13682,12.153135548054717
12017,63998,69880,5882,8.41728677733257
12019,106444,114660,8216,7.165532879818594
12021,299988,347194,47206,13.596433118083837
12023,49074,49916,842,1.6868338809199455
12027,18802,19644,842,4.286296070046833
12029,5718,5988,270,4.509018036072145
12031,1050384,1134640,84256,7.4257914404568846
12033,272740,292702,19962,6.819905569487054
12035,48650,56522,7872,13.927320335444607
12037,6558,6910,352,5.094066570188134
12039,33372,34412,1040,3.0222015575961874
12041,7426,7572,146,1.9281563655573164
12043,3892,3978,86,2.1618903971845147
12045,7814,9002,1188,13.197067318373696
12047,5782,5962,180,3.0191211003019123
12049,13880,15318,1438,9.387648518083301
12051,24052,25552,1500,5.870381966186599
12053,89170,102092,12922,12.657211142890725
12055,53840,58338,4498,7.710240323631252
12057,1405400,1595682,190282,11.924807073088498
12059,6950,7436,486,6.5357719203873055
12061,105174,116826,11652,9.973807200451954
12063,29970,30438,468,1.537551744529864
12065,5020,5966,946,15.85652028159571
12067,2712,2696,-16,-0.5934718100890208
12069,205962,236024,30062,12.736840321323257
12071,533142,604200,71058,11.760675273088381
12073,295090,324148,29058,8.964423658328911
12075,18176,18724,548,2.926725058748131
12077,3758,3748,-10,-0.26680896478121663
12079,9092,9878,786,7.957076331241142
12081,258488,289608,31120,10.745559514930527
12083,215938,239844,23906,9.967312086189356
12085,137626,154528,16902,10.937823565955684
12086,2185346,2534722,349376,13.783602304315817
12087,80490,94110,13620,14.472425884603124
12089,47054,54900,7846,14.29143897996357
12091,171586,179990,8404,4.66914828601589
12093,23056,24822,1766,7.114656353235034
12095,1558596,1910456,351860,18.417592449132563
12097,185178,226084,40906,18.093275065904706
12099,1181420,1353378,171958,12.705836802430658
12101,247358,288900,41542,14.379370024229837
12103,861056,913422,52366,5.7329470934573505
12105,476900,528982,52082,9.845703634528206
12107,32086,34980,2894,8.273299028016009
12109,162514,198140,35626,17.980216008882607
12111,162392,181618,19226,10.585955136605403
12113,78740,87742,9002,10.259624809099405
12115,334608,385032,50424,13.096054353923831
12117,393168,428588,35420,8.264347111911672
12119,65086,80350,15264,18.996888612321094
12121,21670,24036,2366,9.843567981361291
12123,12578,13158,580,4.40796473628211
12125,4825,7014,2189,31.209010550327914
12127,339104,379228,40124,10.580442372398663
12129,12034,13182,1148,8.708845395235928
12131,55348,67570,12222,18.08790883528193
12133,11986,12464,478,3.835044929396662
12999,686392,928812,242420,26.100007321180176
13000,9456132,10426892,970760,9.31015685210895
13001,13510,14960,1450,9.692513368983956
13003,4692,4522,-170,-3.7593984962406015
13005,7214,7650,436,5.699346405228758
13007,763,854,91,10.655737704918032
13009,29778,31700,1922,6.063091482649842
13011,8406,9804,1398,14.259485924112608
13013,41284,46690,5406,11.578496466052687
13015,81332,92022,10690,11.616787289995871
13017,10678,11702,1024,8.750640916082721
13019,7218,7594,376,4.951277324203318
13021,160854,161080,226,0.1403029550533896
13023,4099,5938,1839,30.970023576961943
13025,5212,5204,-8,-0.15372790161414296
13027,6528,6672,144,2.158273381294964
13029,18018,22122,4104,18.55166802278275
13031,51200,55544,4344,7.820826731960248
13033,27624,14940,-12684,-84.8995983935743
13035,14560,16854,2294,13.611012222617777
13037,1796,2502,706,28.21742605915268
13039,28984,31214,2230,7.144230153136413
13043,6372,7226,854,11.818433434818711
13045,82416,89952,7536,8.377801494130203
13047,30518,32342,1824,5.63972543441964
13049,3794,3942,148,3.754439370877727
13051,315626,343312,27686,8.064384583119729
13053,4422,4754,332,6.983592763988221
13055,9914,10196,282,2.765790506080816
13057,133672,147462,13790,9.35156175828349
13059,135078,149290,14212,9.519726706410342
13061,1346,1216,-130,-10.69078947368421
13063,228964,265718,36754,13.831957187695226
13065,4764,5098,334,6.551588858375834
13067,731274,775534,44260,5.707035410439774
13069,34236,36256,2020,5.5714916151809355
13071,29662,31170,1508,4.837985242220083
13073,73328,78516,5188,6.607570431504407
13075,8658,9454,796,8.419716522107045
13077,82388,98910,16522,16.70407441108078
13079,2434,2448,14,0.5718954248366013
13081,16764,18094,1330,7.350502929147784
13083,7776,8678,902,10.394100023046784
13085,18172,21644,3472,16.041397153945667
13087,16146,16504,358,2.1691711100339313
13089,582436,632634,50198,7.934761647334794
13091,9400,10152,752,7.4074074074074066
13093,6520,5294,-1226,-23.15829240649792
13095,92658,92074,-584,-0.6342724330429872
13097,86440,103484,17044,16.470178964864132
13099,7884,7436,-448,-6.024744486282948
13101,1143,1350,207,15.333333333333332
13103,21390,26648,5258,19.73131191834284
13105,11222,12466,1244,9.979143269693566
13107,13600,14634,1034,7.065737324039907
13109,9178,8788,-390,-4.437869822485207
13111,12794,14392,1598,11.103390772651473
13113,89830,99730,9900,9.92680236638925
13115,77100,89040,11940,13.409703504043128
13117,152616,174062,21446,12.320897151589664
13119,15584,15800,216,1.3670886075949367
13121,1717120,1901112,183992,9.678125223553373
13123,13974,15668,1694,10.811845800357418
13125,616,774,158,20.41343669250646
13127,73536,82680,9144,11.059506531204645
13129,46770,49698,2928,5.8915851744537004
13131,12040,11838,-202,-1.706369319141747
13133,12374,14050,1676,11.9288256227758
13135,706758,771416,64658,8.381729183734846
13137,26368,28982,2614,9.01939134635291
13139,180504,204448,23944,11.711535451557364
13141,2754,2850,96,3.3684210526315788
13143,13448,15180,1732,11.409749670619236
13145,10554,13712,3158,23.030921820303384
13147,13026,15750,2724,17.295238095238094
13149,4130,4300,170,3.953488372093023
13151,139168,151604,12436,8.202949790243002
13153,124752,130222,5470,4.200519113513845
13155,3980,4112,132,3.2101167315175094
13157,71840,98208,26368,26.849136526555885
13159,4610,5048,438,8.676703645007924
13161,8406,8644,238,2.7533549282739473
13163,9418,9962,544,5.460750853242321
13165,2838,3072,234,7.6171875
13167,2292,2822,530,18.781006378454997
13169,7944,8150,206,2.5276073619631902
13171,7348,9232,1884,20.40727902946274
13173,2698,2888,190,6.578947368421052
13175,38044,40076,2032,5.070366304022357
13177,12313,15232,2919,19.16360294117647
13179,36534,39222,2688,6.853296619244302
13181,2594,2854,260,9.110021023125437
13183,1386,2736,1350,49.34210526315789
13185,97614,99438,1824,1.8343088155433538
13187,12386,16864,4478,26.55360531309298
13189,13612,14534,922,6.343745699738544
13191,3220,3476,256,7.3647871116225545
13193,4739,5750,1011,17.582608695652173
13195,7138,7832,694,8.861082737487232
13197,2230,2614,384,14.690130068859986
13199,8554,9326,772,8.277932661376797
13201,3426,3780,354,9.365079365079366
13205,12980,13334,354,2.6548672566371683
13207,15164,16196,1032,6.371943689799951
13209,3404,3034,-370,-12.195121951219512
13211,15464,17286,1822,10.540321647576073
13213,15164,16540,1376,8.319226118500604
13215,183714,182946,-768,-0.4197960053786363
13217,51972,51264,-708,-1.3810861423220975
13219,26976,29918,2942,9.833545023063039
13221,3634,4098,464,11.322596388482186
13223,51782,60050,8268,13.768526228143212
13225,19622,21094,1472,6.978287664738788
13227,15236,17866,2630,14.72069853352737
13229,8282,9452,1170,12.378332628015235
13231,6028,6884,856,12.434631028471818
13233,22064,22736,672,2.955665024630542
13235,5332,5614,282,5.023156394727467
13237,11440,12778,1338,10.471122241352324
13239,546,616,70,11.363636363636363
13241,10394,11612,1218,10.48914915604547
13243,3416,3568,152,4.260089686098654
13245,204378,208752,4374,2.0953092664980457
13247,65686,72858,7172,9.843805759147932
13249,1630,2272,642,28.257042253521124
13251,5952,5820,-132,-2.268041237113402
13253,4654,5096,442,8.673469387755102
13255,44106,47438,3332,7.023904886378009
13257,16636,17574,938,5.337430294753613
13259,2874,3350,476,14.208955223880599
13261,20440,20992,552,2.629573170731707
13263,1426,1676,250,14.916467780429594
13265,209,436,227,52.06422018348624
13267,11318,11596,278,2.3973784063470163
13269,2962,3286,324,9.860012172854535
13271,4468,4158,-310,-7.455507455507456
13273,3558,4466,908,20.33139274518585
13275,39520,42110,2590,6.150558062218001
13277,41912,45074,3162,7.015130674002751
13279,23850,24952,1102,4.4164796409105485
13281,6622,6920,298,4.30635838150289
13283,2060,2146,86,4.007455731593663
13285,77566,82880,5314,6.411679536679536
13287,3786,4020,234,5.820895522388059
13289,3622,3336,-286,-8.57314148681055
13291,13898,15710,1812,11.53405474220242
13293,12942,14416,1474,10.224750277469479
13295,26750,30172,3422,11.341641256794379
13297,46464,54742,8278,15.12184428774981
13299,30202,29534,-668,-2.261799959368863
13301,2619,3358,739,22.00714711137582
13303,12084,12926,842,6.514002785084326
13305,16304,17316,1012,5.844305844305844
13307,933,1138,205,18.014059753954307
13309,2064,2492,428,17.174959871589085
13311,17834,19270,1436,7.451997924234561
13313,109776,116008,6232,5.372043307358113
13315,1705,2308,603,26.126516464471404
13317,4990,5490,500,9.107468123861565
13319,7056,5748,-1308,-22.755741127348646
13321,5672,6022,350,5.812022583859183
13999,134803,442724,307921,69.5514586966146
15000,1242426,1412139,169713,12.018151187666371
15001,128006,149526,21520,14.39214584754491
15003,809700,915060,105360,11.513999082027409
15007,48973,60578,11605,19.157119746442604
15009,119449,137121,17672,12.887887340378207
15999,5368,13114,7746,59.0666463321641
16000,1645309,1836587,191278,10.414861915063103
16001,511146,572660,61514,10.74180141794433
16003,1916,1992,76,3.815261044176707
16005,68238,73994,5756,7.779009108846663
16007,3500,3850,350,9.090909090909092
16009,6858,6684,-174,-2.6032315978456015
16011,29694,31396,1702,5.421072748120779
16013,26164,29860,3696,12.377762893503014
16015,2991,3836,845,22.028154327424403
16017,29406,32252,2846,8.824258960684608
16019,111638,124964,13326,10.663871194904132
16021,7212,7840,628,8.010204081632653
16023,17870,20438,2568,12.56483021822096
16025,546,682,136,19.941348973607038
16027,152010,177220,25210,14.225256743031261
16029,7018,7052,34,0.4821327283040272
16031,23264,24528,1264,5.153294194390084
16033,470,536,66,12.313432835820896
16035,5332,5566,234,4.2040962989579596
16037,2598,2930,332,11.331058020477816
16039,14364,14914,550,3.6878101113048145
16041,7502,8600,1098,12.767441860465118
16043,5912,6914,1002,14.492334393983223
16045,8128,9222,1094,11.862936456300153
16047,12404,13256,852,6.427278213639107
16049,8758,9174,416,4.5345541748419445
16051,14548,15964,1416,8.869957404159358
16053,21168,23572,2404,10.198540641438996
16055,127630,140102,12472,8.902085623331573
16057,21876,29212,7336,25.11296727372313
16059,4796,5564,768,13.803019410496045
16061,3262,3290,28,0.851063829787234
16063,2885,3522,637,18.086314593980692
16065,32928,35188,2260,6.422644083210185
16067,15994,18600,2606,14.010752688172042
16069,41248,44052,2804,6.365204758013257
16071,1923,3364,1441,42.8359096313912
16073,6116,6090,-26,-0.4269293924466338
16075,13306,14010,704,5.024982155603141
16077,6434,7782,1348,17.322025186327423
16079,9530,9916,386,3.892698668818072
16081,6870,9088,2218,24.405809859154928
16083,78992,84478,5486,6.493998437463008
16085,9536,10932,1396,12.769849981705086
16087,5578,6072,494,8.13570487483531
16999,32238,48942,16704,34.13019492460464
17000,11897402,12920009,1022607,7.914909347199371
17001,59041,61073,2032,3.327165850703256
17003,1718,1782,64,3.5914702581369253
17005,8336,9052,716,7.909854175872735
17007,34624,23192,-11432,-49.292859606760956
17009,8060,8929,869,9.732332848023296
17011,21222,20174,-1048,-5.194805194805195
17013,1372,1452,80,5.5096418732782375
17015,8054,7782,-272,-3.4952454381906963
17017,10492,10988,496,4.514015289406625
17019,153669,164098,10429,6.3553486331338584
17021,16453,16918,465,2.748551838278756
17023,8498,8824,326,3.694469628286491
17025,9374,9396,22,0.23414218816517665
17027,20970,22011,1041,4.729453455090637
17029,41287,44393,3106,6.996598562836483
17031,4757436,5163622,406186,7.86630005062338
17033,11627,13067,1440,11.020127037575572
17035,5606,6014,408,6.784170269371466
17037,60381,63252,2871,4.538986909504838
17039,9296,9956,660,6.629168340699076
17041,14642,15454,812,5.254303093050343
17043,1104743,1208021,103278,8.549354688370483
17045,12389,12851,462,3.5950509687962025
17047,4084,4162,78,1.8740989908697743
17049,42256,45131,2875,6.370344109370499
17051,9629,8734,-895,-10.247309365697275
17053,8958,11138,2180,19.572634225175076
17055,16366,17694,1328,7.505369051655928
17057,13367,14703,1336,9.086580969870095
17059,1708,1826,118,6.4622124863088715
17061,4492,4552,60,1.3181019332161688
17063,41516,43156,1640,3.800166836592826
17065,3686,4116,430,10.44703595724004
17067,7582,8224,642,7.806420233463035
17069,1294,1588,294,18.513853904282115
17071,2094,2362,268,11.346316680779001
17073,23112,23789,677,2.8458531253940897
17075,14166,14492,326,2.249516974882694
17077,39497,40917,1420,3.4704401593469707
17079,4100,4324,224,5.180388529139686
17081,35430,36508,1078,2.9527774734304812
17083,9686,10374,688,6.631964526701369
17085,13216,14564,1348,9.25569898379566
17087,3391,3617,226,6.24827204865911
17089,360681,399392,38711,9.692482573511738
17091,78368,77634,-734,-0.9454620398279104
17093,55172,60778,5606,9.223732271545625
17095,29372,30752,1380,4.487513007284079
17097,603045,619305,16260,2.6255237726160776
17099,77474,79240,1766,2.2286723876829884
17101,7359,6587,-772,-11.7200546531046
17103,24968,25292,324,1.2810374822078128
17105,23097,25257,2160,8.552084570614086
17107,14929,14204,-725,-5.104196001126443
17109,15805,17144,1339,7.810312645823611
17111,180858,193434,12576,6.501442352430287
17113,144127,167530,23403,13.969438309556498
17115,83886,84940,1054,1.2408759124087592
17117,19468,20408,940,4.606036848294787
17119,202028,207770,5742,2.763632863262261
17121,24128,25466,1338,5.254064242519438
17123,5594,5616,22,0.39173789173789175
17125,5512,5546,34,0.6130544536602958
17127,5576,5782,206,3.5627810446212385
17129,3188,3504,316,9.018264840182647
17131,5814,6038,224,3.7098376946008615
17133,15894,16938,1044,6.163655685441021
17135,14896,15782,886,5.613990622227854
17137,26978,27558,580,2.104652006676827
17139,9674,10028,354,3.5301156761069006
17141,28800,29922,1122,3.749749348305594
17143,186707,198789,12082,6.077801085573145
17145,7516,7659,143,1.867084475780128
17147,6724,7438,714,9.59935466523259
17149,7504,7810,306,3.9180537772087067
17151,968,1340,372,27.761194029850746
17153,2496,2354,-142,-6.032285471537808
17155,3318,3800,482,12.68421052631579
17157,20112,19896,-216,-1.0856453558504222
17159,11356,11938,582,4.875188473781203
17161,131468,137033,5565,4.061065582742843
17163,161798,169929,8131,4.784939592418009
17165,14586,16650,2064,12.396396396396396
17167,243216,259994,16778,6.453225843673316
17169,2764,2990,226,7.558528428093646
17171,1770,1756,-14,-0.7972665148063782
17173,9560,9506,-54,-0.5680622764569746
17175,2698,3136,438,13.966836734693878
17177,32920,34108,1188,3.4830538290137216
17179,87858,93882,6024,6.41656547581006
17181,7885,9041,1156,12.786196217232607
17183,45871,46929,1058,2.254469517782182
17185,6078,6768,690,10.195035460992907
17187,11834,12630,796,6.3024544734758505
17189,12768,12700,-68,-0.5354330708661417
17191,7412,8088,676,8.358061325420376
17193,7644,8364,720,8.608321377331421
17195,40266,42184,1918,4.546747582021619
17197,454928,498354,43426,8.713886113084273
17199,54228,57626,3398,5.896643876028182
17201,230472,252470,21998,8.71311442943716
17203,19738,22808,3070,13.460189407225535
17999,309626,460724,151098,32.79577360849446
18000,6360603,6780101,419498,6.187193966579554
18001,26510,26254,-256,-0.9750895101698789
18003,372368,397274,24906,6.269224766785644
18005,96758,100524,3766,3.7463690263021765
18007,4740,4448,-292,-6.5647482014388485
18009,5736,5856,120,2.0491803278688523
18011,73814,91244,17430,19.10262592608829
18013,5426,6092,666,10.932370321733421
18015,10774,11134,360,3.2333393209987427
18017,28286,28876,590,2.0432192824490927
18019,109468,119352,9884,8.281386151886856
18021,14686,16542,1856,11.219925039293917
18023,21606,23226,1620,6.974941875484371
18025,3636,3704,68,1.8358531317494602
18027,24340,26070,1730,6.635980053701572
18029,28104,30270,2166,7.155599603567889
18031,28166,28192,26,0.09222474460839955
18033,42372,43972,1600,3.638679159465114
18035,79656,90652,10996,12.129903366721088
18037,55924,56730,806,1.4207650273224044
18039,265986,258714,-7272,-2.810825854031865
18041,11768,11706,-62,-0.5296429181616266
18043,59680,64826,5146,7.938172955295715
18045,9032,10170,1138,11.1897738446411
18047,9442,9240,-202,-2.186147186147186
18049,12040,12556,516,4.10958904109589
18051,42566,43782,1216,2.7773971038326253
18053,53212,54492,1280,2.348968655949497
18055,12548,13270,722,5.440844009042954
18057,286478,325408,38930,11.963442816402793
18059,51026,58964,7938,13.46245166542297
18061,19958,20476,518,2.5297909747997656
18063,159360,165166,5806,3.5152513229114954
18065,25462,27144,1682,6.196581196581197
18067,72526,70672,-1854,-2.623386914195155
18069,26826,27472,646,2.3514851485148514
18071,45082,45082,0,0.0
18073,23458,23274,-184,-0.7905817650597233
18075,13164,14056,892,6.346044393853159
18077,24024,25764,1740,6.753609687936655
18079,14780,16224,1444,8.900394477317555
18081,117814,132926,15112,11.368731474655071
18083,34512,34668,156,0.4499826929733472
18085,73206,73518,312,0.4243858646861993
18087,27286,30748,3462,11.259268895537922
18089,361754,383492,21738,5.668436368946419
18091,76578,82542,5964,7.225412517263938
18093,26378,26554,176,0.6628003314001657
18095,77784,80480,2696,3.349900596421471
18097,1151554,1254396,102842,8.198527418773658
18099,35782,38658,2876,7.439598530705157
18101,16020,15998,-22,-0.1375171896487061
18103,17356,17866,510,2.8545841262733687
18105,109961,134976,25015,18.53292437174016
18107,29512,30760,1248,4.057217165149545
18109,30488,30970,482,1.5563448498546981
18111,6284,6502,218,3.3528145186096583
18113,34532,33406,-1126,-3.3706519786864635
18115,2158,2226,68,3.054806828391734
18117,13896,14916,1020,6.838294448913917
18119,9648,10792,1144,10.600444773906597
18121,6130,7042,912,12.950866231184321
18123,12338,13018,680,5.223536641573206
18125,6300,5176,-1124,-21.715610510046368
18127,116396,128228,11832,9.227313847209658
18129,17568,17256,-312,-1.808066759388039
18131,9512,10774,1262,11.713384072767774
18133,24918,24652,-266,-1.0790199578127535
18135,12784,14194,1410,9.933774834437086
18137,24342,21184,-3158,-14.907477341389727
18139,9452,9804,352,3.5903712770297838
18141,233864,242708,8844,3.643884832803204
18143,15828,15842,14,0.0883726802171443
18145,34430,37720,3290,8.722163308589607
18147,11868,12756,888,6.9614299153339605
18149,8276,8352,76,0.9099616858237548
18151,29984,32556,2572,7.900233443912029
18153,10734,11476,742,6.4656674799581735
18155,3458,3086,-372,-12.054439403758911
18157,149387,187306,37919,20.24441288586591
18159,10330,8896,-1434,-16.119604316546763
18161,2532,2756,224,8.127721335268506
18163,211094,218326,7232,3.3124776710057438
18165,8612,8836,224,2.5350837483023994
18167,90310,92266,1956,2.119957514143888
18169,22758,25136,2378,9.46053469127944
18171,3606,3894,288,7.395993836671804
18173,32644,34982,2338,6.683437196272369
18175,11426,11662,236,2.023666609500943
18177,58230,59388,1158,1.9498888664376643
18179,20976,22922,1946,8.48966058808132
18181,17896,18068,172,0.951959264998893
18183,25800,28204,2404,8.5236136718196
18999,157170,195190,38020,19.478456888160252
19000,3225834,3386821,160987,4.753336535943293
19001,6184,6078,-106,-1.7439947351102336
19003,2348,2582,234,9.06274206041828
19005,9646,9828,182,1.8518518518518516
19007,8786,9150,364,3.978142076502732
19009,3622,3734,112,2.9994643813604713
19011,11808,11860,52,0.4384485666104553
19013,141940,145280,3340,2.2990088105726874
19015,17526,17598,72,0.40913740197749743
19017,19028,19596,568,2.898550724637681
19019,13194,13326,132,0.9905447996398019
19021,21844,22054,210,0.9522082161966084
19023,6934,7490,556,7.423230974632844
19025,5316,5604,288,5.139186295503212
19027,21832,22164,332,1.4979245623533657
19029,11420,11924,504,4.226769540422677
19031,10218,10224,6,0.05868544600938967
19033,47944,46432,-1512,-3.256374913852515
19035,9898,9802,-96,-0.9793919608243216
19037,9580,10220,640,6.262230919765166
19039,8776,9446,670,7.092949396569977
19041,17006,17448,442,2.5332416322787714
19043,12666,12508,-158,-1.263191557403262
19045,38666,38746,80,0.20647292623754712
19047,13066,12944,-122,-0.9425216316440049
19049,92612,107548,14936,13.887752445419718
19051,4044,4394,350,7.965407373691398
19053,4864,4712,-152,-3.225806451612903
19055,13282,12980,-302,-2.3266563944530043
19057,40122,39720,-402,-1.012084592145015
19059,17610,19050,1440,7.559055118110236
19061,113474,118764,5290,4.454211713987403
19063,6962,6682,-280,-4.190362167015863
19065,13700,14028,328,2.338180781294554
19067,10970,11572,602,5.202212236432769
19069,7540,7842,302,3.8510584034685027
19071,4798,4406,-392,-8.896958692691785
19073,6534,6568,34,0.5176613885505481
19075,8168,7434,-734,-9.873553941350552
19077,6132,6458,326,5.048002477547228
19079,11180,11652,472,4.0508067284586335
19081,12054,12030,-24,-0.199501246882793
19083,13036,13200,164,1.2424242424242424
19085,7758,7944,186,2.3413897280966767
19087,17668,16736,-932,-5.568833652007648
19089,8312,8580,268,3.1235431235431235
19091,7432,7632,200,2.6205450733752618
19093,7346,7238,-108,-1.4921248963802156
19095,19494,18222,-1272,-6.9805729338162665
19097,11416,11960,544,4.5484949832775925
19099,21690,20398,-1292,-6.333954309246005
19101,14706,15078,372,2.4671707122960607
19103,131176,138791,7615,5.486667002903647
19105,10649,12820,2171,16.934477379095163
19107,4536,4692,156,3.324808184143223
19109,13012,13446,434,3.2277257176855567
19111,28890,27548,-1342,-4.871497023377377
19113,248816,252808,3992,1.5790639536723523
19115,7822,7950,128,1.6100628930817609
19117,7304,6718,-586,-8.722834176838344
19119,9186,9484,298,3.1421341206242093
19121,7770,7621,-149,-1.9551239994751346
19123,15672,15700,28,0.17834394904458598
19125,34964,38948,3984,10.229023313135462
19127,31586,31428,-158,-0.5027364133893344
19129,5700,6950,1250,17.985611510791365
19131,8102,8526,424,4.973023692235515
19133,5204,5134,-70,-1.3634592910011687
19135,6834,7676,842,10.969254820218865
19137,7906,8170,264,3.2313341493268055
19139,43724,43320,-404,-0.9325946445060018
19141,12936,13234,298,2.251775729182409
19143,4538,5524,986,17.84938450398262
19145,10793,11649,856,7.348270237788651
19147,7044,7226,182,2.5186825352892335
19149,23216,23226,10,0.043055196762249205
19151,5866,5422,-444,-8.188860199188492
19153,585890,633538,47648,7.520937970571616
19155,75482,80468,4986,6.196251926231546
19157,18494,18800,306,1.627659574468085
19159,1395,2780,1385,49.82014388489209
19161,5778,6122,344,5.619078732440379
19163,170860,182964,12104,6.615509061891957
19165,10500,10978,478,4.354162871196939
19167,42354,45982,3628,7.8900439302335705
19169,76074,82522,6448,7.813673929376409
19171,10534,10760,226,2.100371747211896
19173,3850,4144,294,7.094594594594595
19175,11960,11792,-168,-1.4246947082767978
19177,3700,3892,192,4.933196300102774
19179,31206,30750,-456,-1.4829268292682927
19181,23584,26178,2594,9.909083963633586
19183,16262,16784,522,3.110104861773117
19185,3808,4232,424,10.01890359168242
19187,34358,35314,956,2.7071416435408056
19189,8110,7532,-578,-7.67392458842273
19191,19344,21022,1678,7.98211397583484
19193,100142,104148,4006,3.8464492837116415
19195,4372,4476,104,2.323503127792672
19197,11728,12718,990,7.784242805472559
19999,3938,19899,15961,80.21006080707573
20000,2939311,3113187,173876,5.585144740743168
20001,11226,11238,12,0.10678056593699946
20003,4626,4904,278,5.66884176182708
20005,10468,11060,592,5.352622061482821
20007,3118,3214,96,2.9869321717485997
20009,22916,22816,-100,-0.438288920056101
20011,11488,11110,-378,-3.402340234023402
20013,9652,8750,-902,-10.308571428571428
20015,37194,40982,3788,9.24308232882729
20017,1712,1422,-290,-20.393811533052038
20019,1546,1490,-56,-3.7583892617449663
20021,11156,11514,358,3.109258294250478
20023,1806,1800,-6,-0.33333333333333337
20025,1582,1658,76,4.583835946924005
20027,5848,6044,196,3.242885506287227
20029,6156,6336,180,2.840909090909091
20031,7120,7084,-36,-0.5081874647092038
20033,1278,1286,8,0.6220839813374806
20035,26776,26582,-194,-0.7298171695132044
20037,33700,35622,1922,5.3955420807366234
20039,1854,1848,-6,-0.3246753246753247
20041,12138,11830,-308,-2.603550295857988
20043,4608,5420,812,14.981549815498155
20045,79043,101368,22325,22.023715570988873
20047,1904,1852,-52,-2.8077753779697625
20049,885,1276,391,30.642633228840126
20051,30580,32192,1612,5.007455268389662
20053,4520,4376,-144,-3.2906764168190126
20055,38352,40842,2490,6.096665197590716
20057,33544,35948,2404,6.687437409591632
20059,18170,20590,2420,11.753278290432249
20061,25784,25270,-514,-2.034032449544915
20063,2536,2430,-106,-4.362139917695473
20065,1684,1794,110,6.131549609810479
20067,5112,5148,36,0.6993006993006993
20069,6110,6084,-26,-0.4273504273504274
20071,1336,1330,-6,-0.4511278195488722
20073,3258,3102,-156,-5.029013539651837
20075,3076,3056,-20,-0.6544502617801047
20077,4668,4852,184,3.7922506183017313
20079,27346,29074,1728,5.943454633005434
20081,3302,3326,24,0.7215874924834637
20083,1264,1280,16,1.25
20085,8142,8812,670,7.603268270540172
20087,7408,7670,262,3.4159061277705343
20089,1442,1430,-12,-0.8391608391608392
20091,692150,749780,57630,7.686254634692843
20093,3008,3102,94,3.0303030303030303
20095,5550,5208,-342,-6.566820276497695
20097,2070,2118,48,2.26628895184136
20099,16430,17302,872,5.039879782684083
20101,1022,1304,282,21.625766871165645
20103,40596,43958,3362,7.648209654670366
20105,1980,1844,-136,-7.37527114967462
20107,4026,4280,254,5.934579439252336
20109,2494,2680,186,6.940298507462686
20111,29450,31458,2008,6.383113993260856
20113,29644,32432,2788,8.59644795263937
20115,7098,7168,70,0.9765625
20117,8858,8964,106,1.1825078090138332
20119,3140,3068,-72,-2.346805736636245
20121,16644,17784,1140,6.41025641025641
20123,6414,6214,-200,-3.21853878339234
20125,27798,29636,1838,6.201916587933595
20127,3142,3104,-38,-1.2242268041237114
20129,1566,1552,-14,-0.902061855670103
20131,10394,11588,1194,10.303762512944425
20133,12200,13130,930,7.0830159939070825
20135,2206,2134,-72,-3.373945641986879
20137,4416,4544,128,2.8169014084507045
20139,5552,7842,2290,29.201734251466462
20141,2776,2630,-146,-5.551330798479087
20143,2080,2550,470,18.43137254901961
20145,3986,4914,928,18.884818884818884
20147,4522,4380,-142,-3.2420091324200913
20149,19672,19538,-134,-0.6858429726686457
20151,8950,9204,254,2.7596697088222513
20153,1642,2070,428,20.67632850241546
20155,51474,53310,1836,3.444006752954418
20157,3620,3906,286,7.322068612391193
20159,7328,7486,158,2.1106064654020837
20161,46356,60876,14520,23.85176424206584
20163,3464,3410,-54,-1.5835777126099706
20165,1958,2196,238,10.837887067395265
20167,4638,5026,388,7.719856744926383
20169,56432,61836,5404,8.739245746814154
20171,4582,4320,-262,-6.064814814814815
20173,484440,530820,46380,8.737425115858482
20175,21534,22282,748,3.3569697513688177
20177,188540,200090,11550,5.77240241891149
20179,2020,2026,6,0.29615004935834155
20181,4668,4782,114,2.3839397741530743
20183,2642,2874,232,8.072372999304106
20185,2494,2496,2,0.08012820512820512
20187,1612,1806,194,10.741971207087486
20189,4068,4160,92,2.2115384615384617
20191,12102,12962,860,6.634778583551921
20193,7918,8340,422,5.059952038369304
20195,2392,2220,-172,-7.747747747747748
20197,2786,2908,122,4.195323246217331
20199,1076,1132,56,4.946996466431095
20201,4322,4226,-96,-2.271651680075722
20203,1278,1480,202,13.648648648648647
20205,6798,6768,-30,-0.44326241134751776
20207,1300,1436,136,9.47075208913649
20209,176464,185224,8760,4.72940871593314
20999,46544,29700,-16844,-56.71380471380472
21000,3957649,4311130,353481,8.199265621774337
21001,8568,10082,1514,15.01686173378298
21003,8996,10044,1048,10.434090003982476
21005,9276,10122,846,8.35803200948429
21007,4452,5378,926,17.218296764596506
21009,29330,31308,1978,6.317874025808099
21011,3658,4102,444,10.823988298391027
21013,15926,17124,1198,6.996028965195047
21015,196520,214286,17766,8.29078894561474
21017,13052,13586,534,3.93051670837627
21019,46518,52132,5614,10.768817616818845
21021,27934,30166,2232,7.399058542730226
21023,2508,2998,490,16.344229486324217
21025,5058,5370,312,5.810055865921788
21027,6770,7402,632,8.538232910024318
21029,55990,60620,4630,7.6377433190366215
21031,5562,5960,398,6.677852348993289
21033,8916,9310,394,4.232008592910849
21035,29630,31612,1982,6.269770973048209
21037,56642,63368,6726,10.614190127509152
21039,1988,2098,110,5.243088655862726
21041,13960,15142,1182,7.806102232201822
21043,10934,11410,476,4.171779141104294
21045,7666,8218,552,6.716962764662935
21047,61190,63384,2194,3.461441373217216
21049,28348,27390,-958,-3.4976268711208474
21051,7720,8256,536,6.492248062015504
21053,7890,7180,-710,-9.88857938718663
21055,3668,4086,418,10.230053842388644
21057,3808,4532,724,15.975286849073257
21059,90298,93954,3656,3.8912659386508293
21061,3028,3340,312,9.341317365269461
21063,1722,1746,24,1.3745704467353952
21065,4348,4678,330,7.05429670799487
21067,369114,410596,41482,10.102874845346763
21069,6172,6532,360,5.5113288426209435
21071,20118,22570,2452,10.863978732831193
21073,63064,68194,5130,7.522655952136552
21075,3938,4562,624,13.678211310828583
21077,4958,5222,264,5.0555342780543855
21079,4174,5570,1396,25.06283662477558
21081,9244,10528,1284,12.196048632218845
21083,22386,23458,1072,4.569869554096683
21085,14960,15126,166,1.0974481026047864
21087,3312,3670,358,9.754768392370572
21089,12954,14388,1434,9.966638865721436
21091,7814,7472,-342,-4.577087794432548
21093,91826,99560,7734,7.768179991964644
21095,11588,12606,1018,8.0755195938442
21097,9676,10718,1042,9.72196305280836
21099,9030,10486,1456,13.885180240320427
21101,36336,38820,2484,6.398763523956723
21103,5086,5754,668,11.609315258950295
21105,1583,1694,111,6.552538370720189
21107,31720,35550,3830,10.773558368495078
21109,3204,4060,856,21.083743842364534
21111,909652,973710,64058,6.5787554816115685
21113,33668,37712,4044,10.723377174374205
21115,9968,11050,1082,9.791855203619908
21117,131104,149116,18012,12.07918667346227
21119,3872,4350,478,10.988505747126437
21121,15056,16046,990,6.169761934438489
21123,4708,5062,354,6.9932832872382455
21125,53784,52898,-886,-1.674921547128436
21127,6906,8500,1594,18.75294117647059
21129,3144,3334,190,5.698860227954409
21131,2906,3298,392,11.885991510006063
21133,8218,8864,646,7.287906137184115
21135,3800,3946,146,3.6999493157627974
21137,7318,7976,658,8.24974924774323
21139,5394,6034,640,10.606562810739145
21141,16936,18178,1242,6.8324348113103754
21143,4732,5226,494,9.45273631840796
21145,74820,82562,7742,9.377195319880817
21147,5972,5820,-152,-2.611683848797251
21149,3406,3528,122,3.458049886621315
21151,65620,73412,7792,10.614068544652099
21153,3542,3890,348,8.946015424164525
21155,16076,18380,2304,12.535364526659412
21157,20750,23868,3118,13.063516004692474
21159,3876,3804,-72,-1.8927444794952681
21161,15772,15914,142,0.8922960914917683
21163,8492,10370,1878,18.1099324975892
21165,1810,1968,158,8.028455284552846
21167,11920,13294,1374,10.335489694599067
21169,3706,4674,968,20.710312366281556
21171,6226,6512,286,4.391891891891892
21173,21388,21948,560,2.5514853289593584
21175,5928,6388,460,7.201001878522229
21177,14514,16628,2114,12.713495309117151
21179,31818,37490,5672,15.12936783142171
21181,1674,1834,160,8.724100327153762
21183,14066,14760,694,4.70189701897019
21185,32004,36294,4290,11.820135559596627
21187,2612,2956,344,11.637347767253045
21189,1214,1484,270,18.194070080862534
21191,4538,4514,-24,-0.5316792202038104
21193,22070,23110,1040,4.500216356555604
21195,39594,40876,1282,3.136314707897055
21197,5420,5906,486,8.22891974263461
21199,51370,52726,1356,2.5717862155293405
21201,554,664,110,16.566265060240966
21203,7406,8056,650,8.068520357497517
21205,19394,21722,2328,10.717245189209097
21207,10876,12330,1454,11.792376317923763
21209,56044,62660,6616,10.55857006064475
21211,31434,33268,1834,5.512805097992064
21213,17090,19068,1978,10.373400461506188
21215,3986,4474,488,10.907465355386678
21217,25130,24710,-420,-1.69971671388102
21219,4442,5434,992,18.25542878174457
21221,5584,6000,416,6.933333333333333
21223,2086,2168,82,3.782287822878229
21225,9718,10284,566,5.503695060287826
21227,126836,140338,13502,9.621057732046916
21229,6388,7226,838,11.597010794353722
21231,11258,10638,-620,-5.828163188569279
21233,5392,5608,216,3.851640513552068
21235,23794,28594,4800,16.78673847660348
21237,2896,3026,130,4.296100462656973
21239,17302,19702,2400,12.18150441579535
21999,50848,74840,23992,32.05772314270444
22000,3904043,4133894,229851,5.560157081918405
22001,28276,28754,478,1.6623774083605758
22003,13834,14840,1006,6.7789757412398925
22005,87368,99760,12392,12.421812349639135
22007,7306,7680,374,4.869791666666667
22009,19500,19144,-356,-1.8595904722106142
22011,16384,18184,1800,9.898812142542896
22013,8058,7416,-642,-8.656957928802589
22015,82682,87742,5060,5.766907524332702
22017,210648,218852,8204,3.7486520570979476
22019,165826,175774,9948,5.659540091253541
22021,4302,4524,222,4.907161803713528
22023,13806,8486,-5320,-62.69149186896064
22025,4150,4514,364,8.063801506424458
22027,6150,6096,-54,-0.8858267716535433
22029,10578,10648,70,0.6574004507888805
22031,12952,17054,4102,24.05300809194324
22033,506710,547162,40452,7.3930572664037335
22035,3154,2926,-228,-7.792207792207792
22037,9406,10336,930,8.99767801857585
22039,14700,15740,1040,6.607369758576874
22041,9306,9466,160,1.690259877456159
22043,6508,6642,134,2.0174646190906356
22045,47676,48930,1254,2.562844880441447
22047,30840,32068,1228,3.829362604465511
22049,6778,7706,928,12.042564235660524
22051,361356,367570,6214,1.6905623418668552
22053,15974,15756,-218,-1.3835998984513835
22055,251644,272754,21110,7.739574854997544
22057,65326,70570,5244,7.430919654244013
22059,9642,9302,-340,-3.6551279294775316
22061,36532,36956,424,1.1473103149691526
22063,57858,63190,5332,8.438043994302896
22065,6294,6150,-144,-2.341463414634146
22067,12826,12224,-602,-4.924738219895288
22069,26122,29002,2880,9.930349631059928
22071,339172,381746,42574,11.152441675878725
22073,135192,138492,3300,2.382809115327961
22075,22298,24026,1728,7.192208440855739
22077,10060,11486,1426,12.415114051889256
22079,111954,113750,1796,1.578901098901099
22081,4656,5028,372,7.398568019093078
22083,12328,12764,436,3.4158570980883733
22085,10942,11092,150,1.3523260007212405
22087,20118,22370,2252,10.067054090299509
22089,45364,49218,3854,7.830468527774391
22091,2964,3074,110,3.5783994795055305
22093,15974,16148,174,1.0775328214020312
22095,26026,25464,-562,-2.207037386113729
22097,46364,46902,538,1.1470726195044987
22099,21682,24004,2322,9.673387768705217
22101,39542,41104,1562,3.8001167769560142
22103,178588,195020,16432,8.425802481796739
22105,88800,94992,6192,6.51844365841334
22107,864,889,25,2.81214848143982
22109,93726,96448,2722,2.8222461844724616
22111,9484,10912,1428,13.086510263929618
22113,25284,24904,-380,-1.52585929971089
22115,24246,25104,858,3.4177820267686427
22117,20890,22368,1478,6.607653791130186
22119,21886,22360,474,2.1198568872987478
22121,22884,25534,2650,10.378319103939845
22123,4138,3878,-260,-6.704486848891181
22125,8946,8130,-816,-10.03690036900369
22127,8270,8828,558,6.320797462618939
22999,28795,34490,5695,16.512032473180632
23000,1284261,1377540,93279,6.771418615793371
23001,96248,96740,492,0.5085796981600166
23003,50608,51604,996,1.9300829393070305
23005,357662,381594,23932,6.271587079461417
23007,18238,21360,3122,14.616104868913856
23009,40036,42374,2338,5.517534337093501
23011,117470,123346,5876,4.763835065587858
23013,32282,33182,900,2.712313905129287
23015,18651,21418,2767,12.919040059762816
23017,32482,34322,1840,5.360992949128838
23019,135392,142338,6946,4.879933678989447
23021,9991,10446,455,4.355734252345395
23023,30294,33368,3074,9.212419084152481
23025,30896,31788,892,2.806090348559205
23027,20085,22824,2739,12.000525762355416
23029,20150,21062,912,4.33007311746273
23031,138652,151668,13016,8.581902576680644
23999,31822,56876,25054,44.05021450172305
24000,5579890,5999572,419682,6.995198990861348
24001,52576,48076,-4500,-9.360179715450537
24003,515458,525875,10417,1.9808889945329213
24005,712690,744852,32162,4.317904764973444
24009,41880,40027,-1853,-4.6293751717590625
24011,18710,19172,462,2.409764239515961
24013,111134,109172,-1962,-1.7971641080130436
24015,75788,69342,-6446,-9.295953390441579
24017,78680,76398,-2282,-2.9869891881986437
24019,24000,23606,-394,-1.6690671863085655
24021,197202,202622,5420,2.674931646119375
24023,23046,21639,-1407,-6.502148897823375
24025,184420,181754,-2666,-1.4668177866786976
24027,321826,320579,-1247,-0.3889836826492066
24029,14090,14414,324,2.2478146246704593
24031,888340,877500,-10840,-1.2353276353276352
24033,597220,580170,-17050,-2.938793801816709
24035,29142,28590,-552,-1.9307450157397692
24037,92370,91933,-437,-0.4753461760194925
24039,12180,13518,1338,9.89791389258766
24041,33022,36054,3032,8.409607810506463
24043,123776,119298,-4478,-3.7536253751110666
24045,88748,84834,-3914,-4.61371619869392
24047,40814,41347,533,1.2890898976951168
24510,657804,634999,-22805,-3.591344238337383
24999,163972,252942,88970,35.17407152627875
25000,7163234,7775692,612458,7.876572271638331
25001,168348,181428,13080,7.20947152589457
25003,108146,117758,9612,8.162502759897416
25005,430442,460696,30254,6.567020334450484
25007,14898,16208,1310,8.082428430404738
25009,605406,650656,45250,6.954519746225348
25011,50618,52526,1908,3.632486768457526
25013,397048,406972,9924,2.438496997336426
25015,119894,132798,12904,9.717013810448954
25017,1760174,1875174,115000,6.132764212814385
25019,12210,13215,1005,7.604994324631101
25021,647916,700522,52606,7.509542883735272
25023,366556,390018,23462,6.01561979190704
25025,1281538,1429432,147894,10.346347360350125
25027,666594,657930,-8664,-1.3168574164424787
25999,113590,183070,69480,37.95269569017316
26000,8536845,9400659,863814,9.188866440108082
26001,3013,2565,-448,-17.465886939571153
26003,3440,3901,461,11.817482696744424
26005,73086,80858,7772,9.61191224121299
26007,21318,24486,3168,12.93800539083558
26009,8942,9902,960,9.695011108866895
26011,7306,8060,754,9.35483870967742
26013,5334,6120,786,12.84313725490196
26015,22908,26586,3678,13.834348905438954
26017,62694,67252,4558,6.7774936061381075
26019,7584,9130,1546,16.93318729463308
26021,109018,119328,10310,8.640050951997855
26023,24771,27785,3014,10.847579629296384
26025,100148,107884,7736,7.170664788105744
26027,16630,18438,1808,9.805835773945114
26029,17646,20974,3328,15.86726423190617
26031,10090,11046,956,8.654716639507514
26033,22788,25364,2576,10.156126793881091
26035,11938,14422,2484,17.223686035223963
26037,31970,37144,5174,13.929571397803144
26039,7578,8076,498,6.166419019316494
26041,25414,26760,1346,5.029895366218237
26043,25488,27552,2064,7.491289198606271
26045,79966,87152,7186,8.245364420782082
26047,33188,34738,1550,4.4619724797052225
26049,247980,268070,20090,7.494311187376431
26051,7668,8384,716,8.540076335877862
26053,9430,10192,762,7.476452119309263
26055,90956,101800,10844,10.652259332023576
26057,24602,25298,696,2.7512056289034708
26059,21193,22878,1685,7.365154296704257
26061,18391,20924,2533,12.105715924297456
26063,20556,22356,1800,8.051529790660226
26065,279018,310744,31726,10.209690291687048
26067,37804,39094,1290,3.2997390903975035
26069,13824,15008,1184,7.889125799573561
26071,6492,6746,254,3.765194189149126
26073,43138,45582,2444,5.361765609231714
26075,106716,112854,6138,5.438885639853262
26077,225152,240888,15736,6.532496429876125
26079,7844,9142,1298,14.19820608182017
26081,742260,840604,98344,11.699206760852912
26083,563,794,231,29.093198992443327
26085,3336,3280,-56,-1.707317073170732
26087,39548,43528,3980,9.143539790479691
26089,10392,12378,1986,16.04459524963645
26091,46482,51752,5270,10.183181326325553
26093,117598,128652,11054,8.592171128315144
26095,3070,3462,392,11.322934719815137
26097,6110,7336,1226,16.712104689203926
26099,613398,679340,65942,9.706774222039039
26101,10114,11548,1434,12.417734672670592
26103,48026,52152,4126,7.911489492253414
26105,18418,19876,1458,7.335479975850272
26107,20504,22904,2400,10.478519035976248
26109,13034,14278,1244,8.712704860624736
26111,68160,76742,8582,11.182924604519037
26113,6469,7987,1518,19.00588456241392
26115,72176,82722,10546,12.748724643988298
26117,27163,29144,1981,6.797282459511392
26119,4014,4080,66,1.6176470588235297
26121,112672,124880,12208,9.77578475336323
26123,22510,24250,1740,7.175257731958763
26125,1362840,1462060,99220,6.786315199102636
26127,11304,11502,198,1.7214397496087637
26129,10798,11942,1144,9.579634902026461
26131,2440,2778,338,12.16702663786897
26133,14468,16308,1840,11.28280598479274
26135,2306,2516,210,8.34658187599364
26137,19106,21394,2288,10.694587267458164
26139,226060,249378,23318,9.350463954318345
26141,4752,5002,250,4.998000799680128
26143,9488,12426,2938,23.64397231611138
26145,152168,160910,8742,5.432850661860667
26147,83058,83752,694,0.8286369280733594
26149,39600,42350,2750,6.493506493506493
26151,18293,19637,1344,6.844222640932933
26153,4658,5074,416,8.198659834450138
26155,28358,30944,2586,8.357032057911065
26157,21690,24202,2512,10.379307495248327
26159,37756,42210,4454,10.552001895285477
26161,406562,438040,31478,7.186101725869784
26163,1353536,1461262,107726,7.372120810641761
26165,25728,27026,1298,4.802782505735218
26999,224148,336926,112778,33.47263197259932
27000,5740895,6220101,479206,7.704151427766205
27001,7684,8530,846,9.917936694021103
27003,239040,265036,25996,9.808478848156476
27005,26888,29276,2388,8.156852028965705
27007,38278,41320,3042,7.362052274927396
27009,32040,34254,2214,6.463478717813978
27011,3188,3282,94,2.8641072516758075
27013,74314,81830,7516,9.184895515092265
27015,25702,26570,868,3.2668423033496423
27017,24536,25924,1388,5.354112019750039
27019,68744,82842,14098,17.017937761039086
27021,17978,20228,2250,11.12319557049634
27023,10378,10802,424,3.92519903721533
27025,29990,32204,2214,6.874922369891939
27027,36472,39224,2752,7.0161125841321645
27029,4856,5286,430,8.134695421869088
27031,4636,4934,298,6.039724361572761
27033,11410,10054,-1356,-13.487169285856377
27035,52752,59932,7180,11.980244276847094
27037,353468,376776,23308,6.186168970422744
27039,11226,11856,630,5.313765182186235
27041,35894,38176,2282,5.977577535624476
27043,8586,9094,508,5.586100725753243
27045,11960,12724,764,6.004401131719585
27047,22270,23718,1448,6.105067880934312
27049,39306,42638,3332,7.8146254514752105
27051,3700,3778,78,2.0645844362096346
27053,1705908,1834794,128886,7.02454880493396
27055,10066,10342,276,2.6687294527170757
27057,10816,11684,868,7.428962684012324
27059,21850,23652,1802,7.618806020632504
27061,30192,31312,1120,3.576903423607562
27063,9624,9948,324,3.2569360675512664
27065,7364,8128,764,9.399606299212598
27067,45950,45876,-74,-0.1613043857354608
27069,2874,2868,-6,-0.20920502092050208
27071,8114,8262,148,1.7913338174776083
27073,3424,4544,1120,24.647887323943664
27075,7044,7526,482,6.404464522986979
27077,3108,3202,94,2.9356652092442226
27079,15874,16636,762,4.580427987496995
27081,2691,3348,657,19.623655913978492
27083,26342,27802,1460,5.251420761096324
27085,30298,31296,998,3.1889059304703475
27087,2082,3680,1598,43.423913043478265
27089,4316,4874,558,11.448502256873205
27091,15692,16612,920,5.538165181796292
27093,14156,16136,1980,12.270699058006942
27095,17230,18336,1106,6.031849912739965
27097,20576,21640,1064,4.9168207024029575
27099,31008,33526,2518,7.510588796754758
27101,5844,5716,-128,-2.239328201539538
27103,29790,29592,-198,-0.6690997566909975
27105,20772,19842,-930,-4.68702751738736
27107,2682,3346,664,19.844590555887624
27109,192592,205306,12714,6.192707470799684
27111,42150,45108,2958,6.557595105081139
27113,19408,19594,186,0.9492701847504339
27115,13854,15508,1654,10.6654629868455
27117,8176,8554,378,4.4189852700491
27119,22204,24308,2104,8.655586638143822
27121,8210,8776,566,6.449407474931632
27123,611890,652456,40566,6.217430753951224
27125,1758,2008,250,12.450199203187251
27127,11742,12622,880,6.971953731579782
27129,10528,11248,720,6.401137980085349
27131,47530,51490,3960,7.690813750242766
27133,7000,7316,316,4.319300164024057
27135,15142,16302,1160,7.115691326217642
27137,175872,190294,14422,7.57879912135958
27139,104760,123384,18624,15.09433962264151
27141,50366,55538,5172,9.312542763513271
27143,8290,7474,-816,-10.917848541610917
27145,160412,173638,13226,7.616996279616213
27147,39930,37942,-1988,-5.239576195245375
27149,10550,11252,702,6.238890863846428
27151,6548,7548,1000,13.248542660307367
27153,12634,13448,814,6.052944675788222
27155,1968,2206,238,10.788757932910245
27157,12584,12972,388,2.9910576626580325
27159,10482,11414,932,8.165410898896093
27161,11262,10668,-594,-5.568053993250844
27163,167670,187946,20276,10.788205122748023
27165,8810,9242,432,4.674312919281541
27167,2806,3252,446,13.714637146371464
27169,44686,47826,3140,6.5654664826663325
27171,84846,94760,9914,10.462220346137611
27173,7806,7720,-86,-1.1139896373056994
27999,122780,181064,58284,32.189722970883224
28000,2469099,2573813,104714,4.068438538464139
28001,18934,19874,940,4.729797725671732
28003,27254,27678,424,1.5319025941180722
28005,3640,4054,414,10.212136161815492
28007,8858,9074,216,2.380427595327309
28009,2048,2054,6,0.2921129503407984
28011,20420,21444,1024,4.775228502145122
28013,6168,5942,-226,-3.8034331874789635
28015,2160,2082,-78,-3.7463976945244957
28017,10520,9290,-1230,-13.240043057050594
28019,4278,4658,380,8.158007728638902
28021,5542,6766,1224,18.090452261306535
28023,5440,5924,484,8.170155300472654
28025,10586,13304,2718,20.429945880938064
28027,14146,13076,-1070,-8.182930559804221
28029,12578,12596,18,0.1429025087329311
28031,11250,11260,10,0.08880994671403197
28033,139288,148912,9624,6.462877404104438
28035,79620,80706,1086,1.3456248606051595
28037,3006,3110,104,3.3440514469453375
28039,9876,10306,430,4.172326799922375
28041,2744,3694,950,25.717379534380076
28043,20256,18582,-1674,-9.008718114304164
28045,27926,28600,674,2.3566433566433567
28047,166664,177592,10928,6.153430334699761
28049,230092,217996,-12096,-5.548725664691095
28051,5804,6058,254,4.192802905249257
28053,4256,3962,-294,-7.420494699646643
28055,214,378,164,43.386243386243386
28057,11672,11948,276,2.3100100435219284
28059,98902,101950,3048,2.98970083374203
28061,8200,8174,-26,-0.31808172253486666
28063,1872,1864,-8,-0.4291845493562232
28065,2856,2940,84,2.857142857142857
28067,52052,55568,3516,6.327382666282752
28069,3306,3498,192,5.4888507718696395
28071,39157,50268,11111,22.10352510543487
28073,39256,40516,1260,3.1098825155494123
28075,63994,63154,-840,-1.3300820217246732
28077,4810,5352,542,10.127055306427504
28079,10292,10520,228,2.167300380228137
28081,111000,106348,-4652,-4.374318275849099
28083,27986,25600,-2386,-9.3203125
28085,24804,25610,806,3.1472081218274113
28087,48200,50596,2396,4.735552217566606
28089,108338,119606,11268,9.420932060264535
28091,16092,16624,532,3.200192492781521
28093,19190,22790,3600,15.796401930671347
28095,19742,18450,-1292,-7.002710027100272
28097,4508,4992,484,9.695512820512821
28099,23226,23474,248,1.0564880293090229
28101,10554,10488,-66,-0.6292906178489702
28103,4778,4266,-512,-12.001875293014534
28105,32077,40268,8191,20.341213867090495
28107,20074,20242,168,0.8299575140796365
28109,21180,23150,1970,8.509719222462204
28111,4316,4100,-216,-5.2682926829268295
28113,29622,29910,288,0.962888665997994
28115,25032,23710,-1322,-5.575706452973429
28117,14812,15292,480,3.13889615485221
28119,1968,2074,106,5.110896817743491
28121,124284,135118,10834,8.01817670480617
28123,26740,27470,730,2.6574444848926104
28125,2078,1842,-236,-12.812160694896852
28127,11911,15148,3237,21.36915764457354
28129,5614,5404,-210,-3.8860103626943006
28131,9352,9838,486,4.940028461069323
28133,13192,17338,4146,23.912792709655093
28135,5080,5284,204,3.860711582134747
28137,10692,11812,1120,9.481882831019302
28139,12842,14074,1232,8.753730282790963
28141,12576,12478,-98,-0.7853822728001283
28143,11948,12522,574,4.583932279188628
28145,21498,24818,3320,13.377387380127326
28147,4646,4766,120,2.517834662190516
28149,37678,38704,1026,2.6508887970235633
28151,31338,28836,-2502,-8.676654182272161
28153,9430,9358,-72,-0.7693951699081001
28155,3902,4126,224,5.428986912263694
28157,3108,2996,-112,-3.7383177570093453
28159,9692,10266,574,5.591272160529905
28161,5650,5280,-370,-7.007575757575757
28163,12186,12528,342,2.7298850574712645
28999,77068,121294,44226,36.4618200405626
29000,5861988,6238688,376700,6.038128529588272
29001,18690,19472,782,4.016023007395234
29003,5218,5650,432,7.646017699115045
29005,3328,3322,-6,-0.1806140878988561
29007,17002,16460,-542,-3.292831105710814
29009,28018,26422,-1596,-6.040420861403376
29011,6564,7148,584,8.17011751538892
29013,7334,7664,330,4.305845511482255
29015,6938,7302,364,4.984935634072857
29017,3646,3654,8,0.21893814997263275
29019,187088,199324,12236,6.138748971523751
29021,91490,92226,736,0.7980395983778978
29023,37008,36564,-444,-1.2143091565474238
29025,3798,3940,142,3.604060913705584
29027,28970,29706,736,2.477613950043762
29029,30194,33330,3136,9.408940894089408
29031,81102,84902,3800,4.475748510046878
29033,4724,5566,842,15.127560186848724
29035,2970,2950,-20,-0.6779661016949152
29037,53796,59870,6074,10.145314848839151
29039,6396,6586,190,2.8849073792894018
29041,3352,3778,426,11.27580730545262
29043,36180,40876,4696,11.4884039534201
29045,2788,2894,106,3.6627505183137523
29047,209776,223602,13826,6.183307841611434
29049,8270,8734,464,5.312571559422945
29051,104522,108022,3500,3.2400807242969023
29053,8414,9712,1298,13.36490939044481
29055,12852,13024,172,1.3206388206388207
29057,3394,3362,-32,-0.9518143961927424
29059,5062,5328,266,4.9924924924924925
29061,3290,3576,286,7.997762863534676
29063,5488,5200,-288,-5.538461538461538
29065,7618,7574,-44,-0.5809347768682335
29067,4818,5192,374,7.203389830508475
29069,17792,18310,518,2.8290551611141455
29071,76148,78666,2518,3.2008745836829124
29073,10580,10712,132,1.2322628827483197
29075,4320,4444,124,2.7902790279027903
29077,336282,360266,23984,6.657303214846808
29079,5902,5892,-10,-0.1697216564833673
29081,4882,5194,312,6.006931074316519
29083,14486,16086,1600,9.946537361680965
29085,2566,2942,376,12.780421481985044
29087,2504,2690,186,6.91449814126394
29089,5078,4822,-256,-5.309000414765657
29091,29724,31220,1496,4.791800128122998
29093,6696,6816,120,1.7605633802816902
29095,715524,751378,35854,4.77176600858689
29097,112182,119188,7006,5.878108534416216
29099,93396,97742,4346,4.446399705346729
29101,31544,32254,710,2.201277360947479
29103,1480,1868,388,20.770877944325484
29105,26832,28080,1248,4.444444444444445
29107,17082,17844,762,4.270342972427707
29109,17010,17828,818,4.5882880861566075
29111,4812,4960,148,2.9838709677419355
29113,24042,25372,1330,5.241999054075359
29115,7626,8138,512,6.291472106168591
29117,12516,12448,-68,-0.5462724935732648
29119,13564,11694,-1870,-15.991106550367709
29121,9860,9756,-104,-1.066010660106601
29123,7208,7232,24,0.33185840707964603
29125,2524,2732,208,7.613469985358712
29127,26412,26278,-134,-0.5099322627292793
29129,2949,2584,-365,-14.125386996904025
29131,14562,16072,1510,9.39522150323544
29133,5744,6014,270,4.489524442966411
29135,8498,8200,-298,-3.6341463414634143
29137,3432,3666,234,6.382978723404255
29139,5906,6754,848,12.555522653242523
29141,8482,9320,838,8.991416309012875
29143,15218,15820,602,3.8053097345132745
29145,40986,43096,2110,4.896046036755151
29147,15422,17190,1768,10.285049447353112
29149,4460,5148,688,13.364413364413362
29151,7362,8628,1266,14.673157162726008
29153,2862,2996,134,4.472630173564753
29155,10516,9972,-544,-5.455274769354192
29157,18746,19130,384,2.007318348144276
29159,37700,38890,1190,3.059912573926459
29161,36862,38714,1852,4.783799142429095
29163,9015,10608,1593,15.016968325791854
29165,88506,96358,7852,8.148778513460222
29167,17596,20158,2562,12.709594205774383
29169,25436,26918,1482,5.505609629244372
29171,1822,1764,-58,-3.2879818594104306
29173,6926,6966,40,0.5742176284811944
29175,18254,19110,856,4.479330193615908
29177,8030,8212,182,2.2162688748173407
29179,3314,3366,52,1.5448603683897801
29181,5436,5942,506,8.51565129585998
29183,306380,329298,22918,6.9596535660708545
29185,2709,3508,799,22.776510832383124
29186,11544,12212,668,5.470029479200786
29187,44866,45002,136,0.30220879072041246
29189,1148928,1207112,58184,4.820099543372943
29195,17038,18354,1316,7.170099160945844
29197,1198,1638,440,26.862026862026863
29199,2324,2490,166,6.666666666666667
29201,31104,32688,1584,4.845814977973569
29203,2972,3192,220,6.8922305764411025
29205,3556,3692,136,3.683640303358613
29207,20586,20082,-504,-2.5097101882282637
29209,12892,14426,1534,10.63357826147234
29211,4760,4624,-136,-2.941176470588235
29213,52496,57142,4646,8.13062195932939
29215,11076,11832,756,6.389452332657202
29217,13498,13236,-262,-1.979449984889695
29219,15014,15914,900,5.655397762975996
29221,9514,9712,198,2.0387149917627676
29223,4340,4552,212,4.657293497363796
29225,16234,17524,1290,7.361333028988816
29227,578,776,198,25.51546391752577
29229,8188,9404,1216,12.930667800935773
29510,425444,446666,21222,4.751201121195703
29999,170744,262952,92208,35.06647601083087
30000,1019047,1107181,88134,7.96021608029762
30001,7562,7936,374,4.712701612903226
30003,7626,7584,-42,-0.5537974683544303
30005,2197,2640,443,16.78030303030303
30007,2788,2906,118,4.0605643496214725
30009,5604,6110,506,8.28150572831424
30011,512,678,166,24.48377581120944
30013,69366,74032,4666,6.302679922195807
30015,1939,2486,547,22.00321802091714
30017,10306,10980,674,6.138433515482696
30019,1065,1198,133,11.101836393989984
30021,7104,6782,-322,-4.7478619876142725
30023,5158,6722,1564,23.266884855697707
30025,2212,2584,372,14.396284829721361
30027,8926,9184,258,2.809233449477352
30029,88486,99486,11000,11.0568321170818
30031,121668,144026,22358,15.52358601919098
30033,512,710,198,27.887323943661972
30035,7490,8114,624,7.690411634212473
30037,326,498,172,34.53815261044177
30039,1601,1880,279,14.840425531914894
30041,13194,13722,528,3.8478355924792305
30043,4670,5314,644,12.118931125329318
30045,845,1092,247,22.61904761904762
30047,17922,19340,1418,7.33195449844881
30049,72728,78388,5660,7.220492932591724
30051,890,1086,196,18.047882136279927
30053,10484,12002,1518,12.647892017997
30055,869,1128,259,22.96099290780142
30057,9230,8632,-598,-6.927710843373494
30059,1182,1390,208,14.964028776978417
30061,2214,2300,86,3.739130434782609
30063,119570,129778,10208,7.865739955924733
30065,2514,2622,108,4.118993135011442
30067,11624,13636,2012,14.755060134936931
30069,113,198,85,42.92929292929293
30071,2518,2376,-142,-5.976430976430977
30073,3160,3236,76,2.3485784919653896
30075,808,1098,290,26.41165755919854
30077,3764,4740,976,20.59071729957806
30079,437,948,511,53.902953586497894
30081,24586,26894,2308,8.581839815572247
30083,10154,10144,-10,-0.09858044164037855
30085,6846,6924,78,1.1265164644714039
30087,6960,7206,246,3.413821815154038
30089,5850,6530,680,10.413476263399694
30091,2538,2610,72,2.7586206896551726
30093,30530,33140,2610,7.875678937839468
30095,7074,7114,40,0.562271577171774
30097,3144,3264,120,3.6764705882352944
30099,3392,3456,64,1.8518518518518516
30101,3664,3614,-50,-1.3835085777531821
30103,369,432,63,14.583333333333334
30105,5874,5782,-92,-1.5911449325492908
30107,1036,1294,258,19.938176197836167
30109,375,490,115,23.46938775510204
30111,163380,174628,11248,6.441120553404953
30999,22906,27108,4202,15.500959126457134
31000,2087834,2205797,117963,5.347862926642842
31001,30440,31392,952,3.032619775739042
31003,4802,4336,-466,-10.747232472324724
31005,139,172,33,19.186046511627907
31007,127,256,129,50.390625
31009,188,266,78,29.32330827067669
31011,4746,4970,224,4.507042253521127
31013,6844,7248,404,5.5739514348785875
31015,1140,1106,-34,-3.074141048824593
31017,2436,2808,372,13.247863247863249
31019,53106,56410,3304,5.85711753235242
31021,3598,3596,-2,-0.05561735261401557
31023,4962,5278,316,5.987116331943918
31025,11274,11926,652,5.467046788529264
31027,5250,5590,340,6.082289803220036
31029,3586,3668,82,2.2355507088331517
31031,4366,4424,58,1.3110307414104883
31033,7628,7778,150,1.9285163281049111
31035,3933,4158,225,5.411255411255411
31037,10208,10306,98,0.9509023869590529
31039,7582,7594,12,0.15801948907031868
31041,9064,9158,94,1.0264249836208779
31043,24310,27226,2916,10.710350400352604
31045,5754,6312,558,8.840304182509506
31047,22994,23546,552,2.3443472351991845
31049,1026,1096,70,6.386861313868613
31051,3123,3822,699,18.28885400313972
31053,35856,37366,1510,4.041106888615318
31055,666160,689664,23504,3.4080363771343727
31057,1136,1176,40,3.4013605442176873
31059,4300,4720,420,8.898305084745763
31061,1428,1566,138,8.812260536398467
31063,1275,1666,391,23.46938775510204
31065,3694,3560,-134,-3.7640449438202244
31067,16888,17474,586,3.3535538514364203
31069,962,1016,54,5.31496062992126
31071,1630,1576,-54,-3.4263959390862944
31073,928,926,-2,-0.21598272138228944
31075,504,558,54,9.67741935483871
31077,1016,1224,208,16.99346405228758
31079,67418,71960,4542,6.311839911061701
31081,7194,7616,422,5.540966386554621
31083,1638,1614,-24,-1.486988847583643
31085,329,382,53,13.874345549738221
31087,1133,1254,121,9.649122807017543
31089,8468,8788,320,3.641329085116067
31091,480,504,24,4.761904761904762
31093,3146,3152,6,0.1903553299492386
31095,6714,6686,-28,-0.4187855219862399
31097,2256,2780,524,18.848920863309353
31099,4350,4044,-306,-7.566765578635016
31101,6754,6482,-272,-4.1962357297130515
31103,211,284,73,25.704225352112676
31105,2760,2864,104,3.6312849162011176
31107,5676,5662,-14,-0.24726245143058992
31109,332158,350532,18374,5.241746830531877
31111,28102,29350,1248,4.252129471890971
31113,295,334,39,11.676646706586826
31115,162,220,58,26.36363636363636
31117,99,130,31,23.846153846153847
31119,42854,44956,2102,4.6756828899368275
31121,4342,4850,508,10.474226804123711
31123,3008,3126,118,3.7747920665387076
31125,1942,1818,-124,-6.820682068206821
31127,4390,6040,1650,27.31788079470199
31129,3052,3222,170,5.276225946617008
31131,12290,12206,-84,-0.6881861379649353
31133,1512,1554,42,2.7027027027027026
31135,1889,2228,339,15.215439856373427
31137,9240,9818,578,5.887146058260338
31139,3842,3920,78,1.9897959183673468
31141,38602,39854,1252,3.141466352185477
31143,2878,2906,28,0.9635237439779766
31145,9748,10098,350,3.4660328777975833
31147,4776,4662,-114,-2.445302445302445
31149,982,934,-48,-5.139186295503212
31151,13426,13598,172,1.2648918958670394
31153,145588,162856,17268,10.603232303384585
31155,10740,11604,864,7.445708376421924
31157,31632,32446,814,2.5087838254330275
31159,11516,12264,748,6.099151989562948
31161,3344,3526,182,5.161656267725468
31163,1472,1472,0,0.0
31165,249,370,121,32.7027027027027
31167,2400,2500,100,4.0
31169,4588,4418,-170,-3.847894975101856
31171,413,474,61,12.869198312236287
31173,4464,6694,2230,33.313414998506126
31175,3604,3494,-110,-3.1482541499713794
31177,15350,16912,1562,9.2360454115421
31179,7584,8640,1056,12.222222222222221
31181,2048,2110,62,2.938388625592417
31183,555,586,31,5.290102389078498
31185,14388,15416,1028,6.668396471198755
31999,26116,76686,50570,65.94424014813656
32000,2721522,3284859,563337,17.149503220686185
32001,17242,18024,782,4.338659565024412
32003,1802126,2241558,439432,19.603864811885305
32005,36018,40010,3992,9.977505623594102
32007,41876,43440,1564,3.6003683241252302
32009,252,662,410,61.933534743202415
32011,8716,221,-8495,-3843.891402714932
32013,15438,15444,6,0.03885003885003885
32015,7158,7276,118,1.6217702034084662
32017,2518,2584,66,2.5541795665634677
32019,25108,27348,2240,8.190726927014772
32021,3394,2314,-1080,-46.6724286949006
32023,24894,27554,2660,9.653770777382595
32027,3406,3834,428,11.163275952008346
32029,38069,39070,1001,2.5620680829280778
32031,434810,483070,48260,9.99027056120231
32033,8504,8568,64,0.7469654528478058
32510,50655,63378,12723,20.074789359083596
32999,20018,1056,-18962,-1795.6439393939395
33000,1359390,1465433,106043,7.236291253165447
33001,48548,50276,1728,3.437027607606015
33003,35850,35148,-702,-1.99726869238648
33005,60260,63508,3248,5.114316306607042
33007,11996,24184,12188,50.396956665564005
33009,102716,109274,6558,6.001427604004612
33011,392986,407984,14998,3.6761245539040748
33013,147356,155470,8114,5.219013314465813
33015,290876,313058,22182,7.085587974113423
33017,93122,94480,1358,1.4373412362404743
33019,26582,25281,-1301,-5.146157193149005
33999,27370,94661,67291,71.0862974192117
34000,8287826,9179555,891729,9.714294429305124
34001,223906,248142,24236,9.766988256723973
34003,822980,894290,71310,7.9739234476512095
34005,390520,425520,35000,8.22523030644858
34007,385930,417064,31134,7.465041336581437
34009,69632,76220,6588,8.643400682235635
34011,112866,119792,6926,5.78168825965006
34013,617732,700174,82442,11.774501766703704
34015,205919,252756,46837,18.53051955245375
34017,507270,559942,52672,9.406688549885525
34019,87676,92854,5178,5.576496435263962
34021,505940,533830,27890,5.224509675364816
34023,829460,876388,46928,5.354705906516291
34025,498144,545294,47150,8.646711682138443
34027,554852,605766,50914,8.404895619760765
34029,326318,374390,48072,12.84008654077299
34031,308270,348880,40610,11.640105480394405
34033,40908,44664,3756,8.409457281031703
34035,357862,386834,28972,7.489517467440815
34037,71288,77708,6420,8.2616976373089
34039,431802,464676,32874,7.07460682281848
34041,60280,66580,6300,9.462300991288675
34999,296517,472792,176275,37.28383728997107
35000,1708227,1925616,217389,11.289322481740909
35001,621186,696254,75068,10.781697483964185
35003,1286,1364,78,5.718475073313782
35005,40558,42860,2302,5.370975268315446
35006,14408,14086,-322,-2.285957688485021
35007,7974,8386,412,4.912950155020272
35009,33626,36330,2704,7.442884668318195
35011,838,962,124,12.889812889812891
35013,139164,158232,19068,12.050659790687092
35015,55728,64138,8410,13.11235149209517
35017,17070,19036,1966,10.327799957974364
35019,2568,2762,194,7.023895727733527
35021,316,330,14,4.242424242424243
35023,2802,2684,-118,-4.396423248882265
35025,51908,67360,15452,22.93942992874109
35027,11108,13670,2562,18.741770299926845
35028,33607,44594,10987,24.637843656097232
35029,13954,15438,1484,9.612644124886643
35031,37930,40748,2818,6.915676843035241
35033,1264,1330,66,4.962406015037594
35035,32924,35642,2718,7.625834689411369
35037,4746,5030,284,5.646123260437376
35039,17692,19264,1572,8.16029900332226
35041,11682,12206,524,4.292970670162215
35043,58600,69824,11224,16.074702108157656
35045,81294,93028,11734,12.613406716257472
35047,14718,15614,896,5.738439861662611
35049,110370,124600,14230,11.420545746388443
35051,6822,7102,280,3.9425513939735284
35053,9526,9946,420,4.222803136939473
35055,18786,23154,4368,18.864990930292823
35057,6400,6356,-44,-0.6922592825676527
35059,2394,2450,56,2.2857142857142856
35061,30062,34958,4896,14.005377882029865
35999,43326,51800,8474,16.35907335907336
36000,18785904,20691562,1905658,9.209831524560592
36001,434834,462744,27910,6.031412616911294
36003,24394,27786,3392,12.207586554379905
36005,614680,654364,39684,6.064514551534009
36007,157038,166100,9062,5.45574954846478
36009,53124,56372,3248,5.761725679415313
36011,47706,49960,2254,4.511609287429944
36013,87950,92274,4324,4.686043739298177
36015,65650,68164,2514,3.6881638401502257
36017,32454,34748,2294,6.601818809715668
36019,64406,66298,1892,2.8537814112039577
36021,40364,41956,1592,3.794451329964725
36023,33240,34384,1144,3.32712889716147
36025,28022,28612,590,2.0620718579616946
36027,211658,223192,11534,5.167747947955124
36029,852042,934524,82482,8.826097564107503
36031,26646,28928,2282,7.888550884955753
36033,33240,34594,1354,3.913973521419899
36035,31394,32956,1562,4.739652870493992
36037,44134,45858,1724,3.7594312878886997
36039,27470,28832,1362,4.723917869034406
36041,2874,2930,56,1.911262798634812
36043,30740,30678,-62,-0.2020992241997523
36045,75448,78972,3524,4.462341082915463
36047,1523688,1795620,271932,15.144184181508338
36049,12388,14304,1916,13.394854586129753
36051,36938,38470,1532,3.982323888744476
36053,39658,41752,2094,5.015328607012838
36055,713606,765650,52044,6.797361718801019
36057,36260,37852,1592,4.20585438021769
36059,1169940,1276668,106728,8.359886830405399
36061,4321824,4916256,594432,12.091152291499874
36063,131262,135002,3740,2.7703293284543933
36065,194636,204086,9450,4.630400909420539
36067,459992,486562,26570,5.460763479268829
36069,99504,105822,6318,5.9704031297839775
36071,278680,312312,33632,10.768718461026152
36073,21982,22476,494,2.197899982203239
36075,60504,64372,3868,6.008823712172994
36077,40710,43866,3156,7.194638216386267
36079,49626,53756,4130,7.682863308281866
36081,1304568,1505938,201370,13.371732435199856
36083,103340,114170,10830,9.485854427607954
36085,251320,274824,23504,8.552382615783193
36087,246588,271904,25316,9.310639049076144
36089,67832,70220,2388,3.4007405297636004
36091,167994,179788,11794,6.559948383651856
36093,111974,115734,3760,3.2488292118132955
36095,15584,16078,494,3.0725214578927726
36097,8732,9552,820,8.58458961474037
36099,20664,20462,-202,-0.9871957775388525
36101,69012,70258,1246,1.7734635201685216
36103,1250954,1347398,96444,7.157795989009928
36105,53036,60886,7850,12.892947475610155
36107,24444,26270,1826,6.95089455652836
36109,91830,95308,3478,3.6492214714399633
36111,109660,117114,7454,6.3647386307358635
36113,66916,70242,3326,4.735058796731301
36115,29324,29604,280,0.9458181326847723
36117,54062,55282,1220,2.206866611193517
36119,789698,860894,71196,8.270007689680728
36121,26520,24664,-1856,-7.525137852740837
36123,12474,13886,1412,10.168515051130635
36999,301130,375652,74522,19.838041591685922
37000,9572004,10559658,987654,9.353087003385905
37001,122258,136878,14620,10.681044433729307
37003,16072,17386,1314,7.557805130564822
37005,6076,6868,792,11.531741409435062
37007,13728,13512,-216,-1.5985790408525755
37009,14370,14950,580,3.879598662207358
37011,13204,14536,1332,9.163456246560264
37013,31580,31050,-530,-1.706924315619968
37015,10213,10388,175,1.6846361185983827
37017,26848,27112,264,0.9737385659486574
37019,66590,80010,13420,16.772903387076614
37021,253820,281742,27922,9.910485479623201
37023,57942,60062,2120,3.529685991142486
37025,155358,174554,19196,10.997169930222165
37027,50942,51902,960,1.8496397055990135
37029,2418,2588,170,6.568778979907264
37031,45496,49722,4226,8.499255862596033
37033,5542,5862,320,5.458887751620607
37035,172686,181890,9204,5.060201220517895
37037,30184,36110,5926,16.410966491276653
37039,15382,16052,670,4.173934712185398
37041,9326,10558,1232,11.66887668118962
37043,3976,4422,446,10.085933966530982
37045,68874,74538,5664,7.59880866135394
37047,30502,30274,-228,-0.7531214903877915
37049,78158,83242,5084,6.107493813219288
37051,234006,251058,17052,6.792056018927897
37053,12724,14056,1332,9.476380193511668
37055,33212,37010,3798,10.262091326668468
37057,87452,93776,6324,6.743729738952398
37059,25808,27724,1916,6.910979656615207
37061,37036,39776,2740,6.888576025744167
37063,432158,471746,39588,8.391804064051417
37065,31882,30996,-886,-2.8584333462382245
37067,372952,389864,16912,4.337922968009357
37069,24170,28026,3856,13.758652679654606
37071,144560,157238,12678,8.06293644030069
37073,3006,2854,-152,-5.325858444288718
37075,3702,3736,34,0.9100642398286938
37077,40876,40902,26,0.06356657376167424
37079,7085,9302,2217,23.83358417544614
37081,559002,583538,24536,4.204696180882821
37083,29380,30762,1382,4.492555750601392
37085,51250,57220,5970,10.433414889898637
37087,34228,35142,914,2.600876444140914
37089,79648,87154,7506,8.612341372742502
37091,17518,17060,-458,-2.6846424384525203
37093,17274,18476,1202,6.50573717254817
37095,3286,3442,156,4.53224869262057
37097,155710,168914,13204,7.816995630912772
37099,27256,29278,2022,6.906209440535556
37101,105396,120890,15494,12.816610141450907
37103,3234,3358,124,3.692674210839786
37105,50284,52868,2584,4.887644700007566
37107,56686,59064,2378,4.026141135039957
37109,49314,56560,7246,12.81117397454031
37111,30780,31456,676,2.1490335707019326
37113,22630,25372,2742,10.80718902727416
37115,7868,8356,488,5.840114887505984
37117,12902,12356,-546,-4.4189057947555845
37119,1424020,1586980,162960,10.268560410339136
37121,9184,10288,1104,10.730948678071538
37123,18054,18026,-28,-0.15533118828359038
37125,71294,79902,8608,10.773197166528998
37127,78002,80134,2132,2.660543589487608
37129,231896,260462,28566,10.96743478895194
37131,11006,10000,-1006,-10.059999999999999
37133,98980,109972,10992,9.995271523660568
37135,104632,157382,52750,33.51717477221029
37137,6536,7244,708,9.7736057426836
37139,29724,32386,2662,8.219601062187365
37141,25916,28460,2544,8.938861560084328
37143,4416,5032,616,12.241653418124006
37145,19022,19030,8,0.04203888596952181
37147,151400,164386,12986,7.899699487790931
37149,9942,11036,1094,9.913011960855382
37151,87010,86302,-708,-0.8203749623415447
37153,26664,29142,2478,8.50319127033148
37155,75648,77562,1914,2.4677032567494392
37157,47900,50312,2412,4.794084910160598
37159,94456,103216,8760,8.487056270345683
37161,35756,36490,734,2.011510002740477
37163,34752,34356,-396,-1.1526370939573873
37165,22442,23508,1066,4.534626510124213
37167,37518,47330,9812,20.73103739699979
37169,15272,15412,140,0.9083830781209448
37171,54852,58990,4138,7.014748262417358
37173,19174,21618,2444,11.30539365343695
37175,17810,19420,1610,8.290422245108136
37177,1948,2020,72,3.564356435643564
37179,128046,148558,20512,13.807401822857065
37181,27054,28408,1354,4.766263024500141
37183,1136676,1307914,171238,13.092451032713159
37185,5942,6046,104,1.7201455507773733
37187,6200,6276,76,1.2109623964308476
37189,41568,51570,10002,19.39499709133217
37191,81284,84398,3114,3.6896608924382095
37193,40586,38182,-2404,-6.2961604944738365
37195,72482,72714,232,0.3190582281266331
37197,19240,20216,976,4.82785912148793
37199,8432,9070,638,7.034178610804852
37999,291238,462248,171010,36.99529257022204
38000,860894,930358,69464,7.466373159579431
38001,1680,1674,-6,-0.35842293906810035
38003,8722,9210,488,5.298588490770901
38005,3730,4164,434,10.42267050912584
38007,608,1044,436,41.7624521072797
38009,4524,4930,406,8.235294117647058
38011,2724,2748,24,0.8733624454148471
38013,1122,1426,304,21.31837307152875
38015,109600,115026,5426,4.717194373446003
38017,233608,256068,22460,8.771107674523956
38019,2279,2436,157,6.444991789819376
38021,3444,3554,110,3.0951041080472708
38023,1267,1572,305,19.40203562340967
38025,3310,4086,776,18.991678903573174
38027,1286,1460,174,11.917808219178081
38029,1655,1878,223,11.87433439829606
38031,2855,3118,263,8.434894162924952
38033,1062,1326,264,19.90950226244344
38035,75108,80858,5750,7.111232036409508
38037,1077,1248,171,13.701923076923078
38039,1374,1594,220,13.801756587202007
38041,1176,1326,150,11.312217194570136
38043,1198,1664,466,28.004807692307693
38045,2588,2794,206,7.37294201861131
38047,1082,1300,218,16.76923076923077
38049,2263,2748,485,17.64919941775837
38051,1820,2006,186,9.272183449651047
38053,18134,22388,4254,19.001250670001788
38055,5857,6806,949,13.943579194828093
38057,7888,8326,438,5.260629353831372
38059,23322,24744,1422,5.746847720659554
38061,10110,10732,622,5.795751024972047
38063,1698,1978,280,14.155712841253793
38065,1365,1366,1,0.07320644216691069
38067,6469,6556,87,1.3270286760219647
38069,3126,3178,52,1.6362492133417241
38071,10970,11212,242,2.1584017124509454
38073,3412,4040,628,15.544554455445544
38075,1235,1428,193,13.515406162464986
38077,13073,15934,2861,17.95531567716832
38079,8116,9272,1156,12.467644521138913
38081,7666,5638,-2028,-35.97020219936148
38083,336,482,146,30.29045643153527
38085,1821,2916,1095,37.5514403292181
38087,125,196,71,36.224489795918366
38089,33680,38840,5160,13.285272914521112
38091,1166,1088,-78,-7.169117647058823
38093,21120,22096,976,4.417089065894279
38095,1233,1300,67,5.153846153846154
38097,6115,7078,963,13.60553828765188
38099,8220,9472,1252,13.217905405405405
38101,58834,63126,4292,6.799100212273864
38103,2538,2862,324,11.320754716981133
38105,44284,53562,9278,17.321982002165715
38999,2564,6242,3678,58.92342198013457
39000,11105011,11770174,665163,5.651258851398459
39001,11778,13404,1626,12.130707251566697
39003,97578,99342,1764,1.7756840007247692
39005,37708,37008,-700,-1.8914829226113272
39007,57096,59222,2126,3.5898821383945156
39009,32421,42368,9947,23.477624622356497
39011,41166,44074,2908,6.597994282343332
39013,39364,41718,2354,5.6426482573469485
39015,15346,15826,480,3.0329836977126248
39017,306058,324708,18650,5.743621961885756
39019,11480,11914,434,3.6427732079905994
39021,20100,21002,902,4.294829063898677
39023,90152,94344,4192,4.443313830238277
39025,115128,123672,8544,6.908596933824956
39027,35240,38608,3368,8.723580605055947
39029,56726,56428,-298,-0.5281066137378606
39031,18672,19442,770,3.9604978911634605
39033,25046,25284,238,0.9413067552602437
39035,1374838,1420516,45678,3.2155920806242237
39037,36080,36610,530,1.447691887462442
39039,29156,31154,1998,6.413301662707839
39041,173214,192414,19200,9.97848389410334
39043,64938,67218,2280,3.3919485852003923
39045,85800,93674,7874,8.40574759271516
39047,21836,21850,14,0.06407322654462243
39049,1482550,1562398,79848,5.110605620334895
39051,34956,36522,1566,4.2878265155248885
39053,21302,22830,1528,6.692947875602277
39055,67522,71690,4168,5.813921048960803
39057,150352,159428,9076,5.692851945705899
39059,28028,28810,782,2.714335300242971
39061,984364,1032852,48488,4.694573859565552
39063,88812,89076,264,0.2963761282500337
39065,16044,15250,-794,-5.20655737704918
39067,6508,7420,912,12.291105121293802
39069,20846,21160,314,1.4839319470699432
39071,21552,21712,160,0.7369196757553427
39073,12872,14444,1572,10.88341179728607
39075,39812,42808,2996,6.998691833302187
39077,40160,42950,2790,6.495925494761351
39079,20260,20768,508,2.446070878274268
39081,39606,40378,772,1.911932240328892
39083,38634,40754,2120,5.201943367522206
39085,181104,194866,13762,7.062288957540053
39087,27170,27696,526,1.8991912189485847
39089,146244,142082,-4162,-2.9292943511493363
39091,36300,38476,2176,5.655473541948227
39093,185270,196092,10822,5.518838096403729
39095,394382,395328,946,0.23929496519345964
39097,36458,48478,12020,24.79475225875655
39099,183756,188842,5086,2.693256796687178
39101,47478,46512,-966,-2.0768833849329207
39103,115350,124796,9446,7.569152857463381
39105,6930,6908,-22,-0.3184713375796179
39107,39342,40966,1624,3.964263047405165
39109,80720,83868,3148,3.7535174321552915
39111,6002,5754,-248,-4.310045185957595
39113,487946,505312,17366,3.436688620100057
39115,5330,5908,578,9.78334461746784
39117,10360,10514,154,1.4647137150466045
39119,66840,71194,4354,6.11568390594713
39121,5578,6062,484,7.984163642362256
39123,23958,26080,2122,8.136503067484663
39125,9268,9868,600,6.080259424402108
39127,11678,12486,808,6.471247797533238
39129,27104,34788,7684,22.088076348166034
39131,18860,20922,2062,9.855654335149604
39133,93275,113834,20559,18.06050916246464
39135,20994,22570,1576,6.982720425343376
39137,22914,24784,1870,7.545190445448677
39139,94868,97950,3082,3.1465033180193975
39141,57618,60066,2448,4.075516931375487
39143,48728,50952,2224,4.364892447794002
39145,45674,49782,4108,8.251978626812905
39147,37300,38204,904,2.366244372317035
39149,52434,54188,1754,3.236879013803794
39151,302918,317568,14650,4.613185207577589
39153,508150,524398,16248,3.098409986308109
39155,116188,131514,15326,11.653512173608894
39157,70916,74926,4010,5.351947254624563
39159,64804,68600,3796,5.533527696793003
39161,22388,23582,1194,5.063183784242218
39163,4398,4474,76,1.6987036209208761
39165,187030,200910,13880,6.908566024588124
39167,47422,49942,2520,5.045853189700052
39169,91550,96940,5390,5.560140292964721
39171,33640,32872,-768,-2.3363348746653685
39173,132072,154078,22006,14.282376458676774
39175,18928,20834,1906,9.148507247768071
39999,246992,375794,128802,34.274629185138664
40000,3465797,3741889,276092,7.3784123473464875
40001,8958,8900,-58,-0.651685393258427
40003,2736,2542,-194,-7.631785995279309
40005,6532,6668,136,2.039592081583683
40007,2574,2822,248,8.788093550673281
40009,17180,19870,2690,13.537996980372421
40011,5754,6052,298,4.923992068737607
40013,39776,43882,4106,9.356911717788615
40015,14438,14448,10,0.06921373200442968
40017,66144,77706,11562,14.879159910431628
40019,45280,47588,2308,4.84996217533832
40021,32758,36286,3528,9.722758088518987
40023,8240,10566,2326,22.014007192882833
40025,1528,1276,-252,-19.74921630094044
40027,175552,188930,13378,7.0809294447679045
40029,2286,2380,94,3.949579831932773
40031,81014,83272,2258,2.711595734460563
40033,3046,3632,586,16.134361233480178
40035,10032,10150,118,1.1625615763546797
40037,36442,42748,6306,14.751567324787123
40039,24028,24960,932,3.733974358974359
40041,17620,18654,1034,5.54304706765305
40043,3238,4086,848,20.75379344101811
40045,2272,1879,-393,-20.915380521554017
40047,46972,46778,-194,-0.4147248706656975
40049,19436,19862,426,2.1447991138858122
40051,24072,28000,3928,14.028571428571428
40053,2706,2702,-4,-0.1480384900074019
40055,1277,1856,579,31.19612068965517
40057,697,1298,601,46.3020030816641
40059,2136,2290,154,6.724890829694323
40061,6598,7462,864,11.578665237201822
40063,5798,5886,88,1.4950730547060822
40065,18754,19612,858,4.37487252702427
40067,2274,1970,-304,-15.431472081218276
40069,5980,7136,1156,16.199551569506728
40071,34748,34530,-218,-0.6313350709527946
40073,12548,13566,1018,7.50405425328026
40075,3826,3944,118,2.9918864097363085
40077,4554,6042,1488,24.627606752730884
40079,24426,23204,-1222,-5.26633339079469
40081,13540,15212,1672,10.991322640021036
40083,15510,17464,1954,11.188731103985342
40085,12128,11682,-446,-3.81783941105975
40087,19360,24374,5014,20.571100352834986
40089,23066,24582,1516,6.16711414856399
40091,8454,9182,728,7.928555870180788
40093,4262,4316,54,1.2511584800741427
40095,8636,10046,1410,14.035436989846705
40097,25176,27120,1944,7.168141592920355
40099,9994,9726,-268,-2.755500719720337
40101,58368,56034,-2334,-4.1653281935967446
40103,8784,9534,750,7.8665827564505975
40105,3760,3530,-230,-6.515580736543909
40107,4464,5044,580,11.498810467882633
40109,901534,990910,89376,9.019588055423803
40111,18824,20444,1620,7.924085306202308
40113,12478,15408,2930,19.016095534787123
40115,23776,26042,2266,8.701328622993627
40117,6600,7000,400,5.714285714285714
40119,52492,57163,4671,8.171369592218742
40121,30198,30146,-52,-0.1724938631990977
40123,38162,39764,1602,4.028769741474701
40125,44110,46174,2064,4.470048079005501
40127,5192,5328,136,2.5525525525525525
40129,1373,1826,453,24.808324205914566
40131,50598,61504,10906,17.732180020811654
40133,13974,14896,922,6.189581095596133
40135,18290,19164,874,4.560634523064079
40137,27688,30698,3010,9.805199035767801
40139,18728,19602,874,4.4587287011529435
40141,3390,3080,-310,-10.064935064935066
40143,698654,738788,40134,5.432410921671711
40145,19028,21604,2576,11.923717830031476
40147,36862,38482,1620,4.2097604074632295
40149,3748,4116,368,8.940719144800777
40151,6738,6574,-164,-2.4946759963492546
40153,15482,16698,1216,7.282309258593845
40999,21264,58498,37234,63.650039317583506
41000,3919738,4276599,356861,8.344504593486553
41001,10878,11226,348,3.099946552645644
41003,70650,77970,7320,9.38822624086187
41005,316446,345688,29242,8.459072921246905
41007,34732,37798,3066,8.111540293137203
41009,22308,23526,1218,5.177250701351696
41011,45188,46484,1296,2.788056105326564
41013,12822,14408,1586,11.00777345918934
41015,12664,12980,316,2.4345146379044684
41017,163118,185086,21968,11.869077077682807
41019,74792,77580,2788,3.593709718999742
41021,1715,1714,-1,-0.05834305717619603
41023,4708,4974,266,5.347808604744672
41025,5030,5152,122,2.3680124223602483
41027,25846,27732,1886,6.80080773114092
41029,173150,181610,8460,4.65833379219206
41031,13140,13896,756,5.4404145077720205
41033,55918,62652,6734,10.748260231117921
41035,43868,46640,2772,5.943396226415095
41037,4966,4802,-164,-3.4152436484798003
41039,293040,314300,21260,6.764237989182311
41041,33352,36376,3024,8.31317352100286
41043,90898,97404,6506,6.679397150014372
41045,25120,26638,1518,5.698626022974698
41047,303408,338796,35388,10.445223674423547
41049,11636,13250,1614,12.181132075471698
41051,943706,1016224,72518,7.136025128318166
41053,39828,42756,2928,6.848161661521191
41055,1844,1878,34,1.810436634717785
41057,18406,19696,1290,6.5495532087733555
41059,59726,66624,6898,10.353626320845342
41061,19780,20946,1166,5.566695311754034
41063,4986,5416,430,7.9394387001477105
41065,20750,21450,700,3.263403263403263
41067,571530,618522,46992,7.597466217854822
41069,470,674,204,30.267062314540063
41071,68314,77200,8886,11.510362694300518
41999,54462,80880,26418,32.66320474777448
42000,11771577,12736487,964910,7.575950888184474
42001,65672,66488,816,1.2272891348814823
42003,1294556,1346262,51706,3.840708569357228
42005,30522,31604,1082,3.423617263637514
42007,104660,96406,-8254,-8.561707777524221
42009,29346,33000,3654,11.072727272727272
42011,330362,345412,15050,4.357115560547983
42013,111588,115890,4302,3.7121408231944084
42015,42584,45172,2588,5.729212786682016
42017,500602,545090,44488,8.161587994643087
42019,165284,173856,8572,4.930517209644764
42021,92890,95882,2992,3.1205022840574874
42023,3484,3224,-260,-8.064516129032258
42025,29430,32804,3374,10.285331057188147
42027,124074,136180,12106,8.889704802467323
42029,480616,506548,25932,5.119356902011261
42031,24170,24486,316,1.290533366005064
42033,57158,58794,1636,2.78259686362554
42035,24474,25086,612,2.439607749342263
42037,46196,48496,2300,4.742659188386671
42039,55320,58218,2898,4.977841904565598
42041,264634,278738,14104,5.0599487690949925
42043,352408,380342,27934,7.34444263320906
42045,422476,444198,21722,4.890161594604208
42047,26188,27034,846,3.12939261670489
42049,223964,238054,14090,5.918825140514337
42051,72974,75696,2722,3.595962798562672
42053,2773,1897,-876,-46.178176067474965
42055,115808,118478,2670,2.253582943668867
42057,10780,10726,-54,-0.5034495618124185
42059,22968,23794,826,3.4714633941329747
42061,22920,24478,1558,6.364899093063158
42063,54096,55970,1874,3.348222261926032
42065,29228,28770,-458,-1.5919360444907888
42067,12245,12420,175,1.4090177133655395
42069,181008,197944,16936,8.555955219658085
42071,470564,504950,34386,6.809783146846223
42073,52728,54052,1324,2.449493080737068
42075,97940,106774,8834,8.273549740573548
42077,372080,406294,34214,8.420995633703672
42079,274972,293972,19000,6.463200576925694
42081,95322,99418,4096,4.119978273552073
42083,27154,27942,788,2.820127406771169
42085,83674,87188,3514,4.030371151993394
42087,30400,32576,2176,6.679764243614931
42089,105078,112488,7410,6.587369319394069
42091,964568,1018446,53878,5.290216663426436
42093,31678,33440,1762,5.269138755980862
42095,228762,246168,17406,7.070780930096519
42097,51146,53016,1870,3.5272370605100347
42099,15014,15928,914,5.738322451029633
42101,1269900,1424640,154740,10.861691374663073
42103,20864,23702,2838,11.973673107754621
42105,10096,9758,-338,-3.4638245542119286
42107,94846,99914,5068,5.072362231519106
42109,30310,31146,836,2.6841327939382262
42111,45472,46592,1120,2.403846153846154
42113,2702,2806,104,3.706343549536707
42115,16946,18410,1464,7.9521998913633904
42117,23480,25192,1712,6.795808193077167
42119,32900,34936,2036,5.827799404625601
42121,32984,32852,-132,-0.4018020211859248
42123,26348,26120,-228,-0.8728943338437979
42125,159504,173094,13590,7.851225345765885
42127,27760,29894,2134,7.138556232019804
42129,249410,260402,10992,4.221165736054255
42131,17628,18494,866,4.682599762085
42133,344480,370936,26456,7.132227661914723
42999,374767,316816,-57951,-18.291689813645775
44000,959940,1048385,88445,8.436309180310667
44001,25702,30286,4584,15.13570626692201
44003,142452,152126,9674,6.359202240248216
44005,73094,83264,10170,12.214162182936203
44007,536102,577446,41344,7.15980368727119
44009,99304,113928,14624,12.83617723474475
44999,23080,28882,5802,20.08863652101655
45000,4504486,4923765,419279,8.515414525266742
45001,10852,10838,-14,-0.12917512456172725
45003,118724,130526,11802,9.041876714217857
45005,5036,5060,24,0.47430830039525695
45007,134254,145716,11462,7.865985890362075
45009,6310,7282,972,13.347981323812139
45011,9586,9718,132,1.358304177814365
45013,131460,141148,9688,6.8637175163658
45015,112328,133172,20844,15.651938846003667
45017,9138,9426,288,3.0553787396562697
45019,495876,558090,62214,11.147664355211525
45021,40444,37048,-3396,-9.166486719930901
45023,18944,20452,1508,7.37336201838451
45025,28438,29026,588,2.025769999310963
45027,13522,14078,556,3.9494246341809918
45029,20062,20896,834,3.9911944869831544
45031,39812,40268,456,1.1324128340121187
45033,18844,19250,406,2.109090909090909
45035,70170,80844,10674,13.203206174855278
45037,10278,11488,1210,10.532729805013927
45039,10418,11660,1242,10.65180102915952
45041,129374,137490,8116,5.902974761800858
45043,47206,50678,3472,6.851099096254785
45045,546626,594488,47862,8.05096149964339
45047,56392,56522,130,0.22999893846643785
45049,9020,9826,806,8.202727457765114
45051,243738,280158,36420,12.9998072516223
45053,19416,22248,2832,12.729234088457389
45055,33900,37094,3194,8.610556963390307
45057,52272,55740,3468,6.221743810548977
45059,42002,40272,-1730,-4.295788637266587
45061,7636,7846,210,2.676523069079786
45063,243210,267876,24666,9.207991757380281
45065,2066,2344,278,11.860068259385665
45067,14218,13770,-448,-3.2534495279593316
45069,13398,11384,-2014,-17.6914968376669
45071,29664,29078,-586,-2.0152692757411104
45073,47538,50966,3428,6.726052662559353
45075,54918,57006,2088,3.66277233975371
45077,61048,68796,7748,11.26228269085412
45079,431588,453772,22184,4.888798780004055
45081,10170,9772,-398,-4.072861236185019
45083,296280,312876,16596,5.3043378207340925
45085,72384,72082,-302,-0.41896728725618043
45087,15452,14788,-664,-4.490127130105491
45089,16104,14650,-1454,-9.924914675767917
45091,201700,212142,10442,4.922174769729709
45999,69928,115213,45285,39.30546032131791
46000,923378,988317,64939,6.570665080131173
46003,1782,1626,-156,-9.59409594095941
46005,16456,17280,824,4.768518518518518
46007,1626,1700,74,4.352941176470588
46009,3394,3434,40,1.1648223645894
46011,30865,34349,3484,10.142944481644298
46013,39608,39478,-130,-0.3292973301585693
46015,3882,4078,196,4.8062775870524765
46017,1074,1130,56,4.95575221238938
46019,5322,5890,568,9.643463497453311
46021,869,830,-39,-4.698795180722891
46023,6426,6990,564,8.068669527896995
46025,2610,2636,26,0.9863429438543246
46027,8854,9785,931,9.514563106796116
46029,31726,34552,2826,8.178976614957167
46031,1540,1504,-36,-2.393617021276596
46033,4098,4430,332,7.494356659142213
46035,23598,25208,1610,6.386861313868613
46037,3594,3800,206,5.421052631578947
46039,3186,3046,-140,-4.596191726854892
46041,5354,4848,-506,-10.437293729372938
46043,2110,2056,-54,-2.6264591439688716
46045,2058,2165,107,4.9422632794457275
46047,4872,4896,24,0.49019607843137253
46049,1060,1216,156,12.828947368421053
46051,7494,7866,372,4.729214340198322
46053,3058,3230,172,5.325077399380805
46055,1528,1582,54,3.4134007585335016
46057,4396,5134,738,14.374756525126605
46059,2816,3092,276,8.926261319534282
46061,1316,1252,-64,-5.111821086261981
46063,892,896,4,0.4464285714285714
46065,20790,21956,1166,5.31062124248497
46067,5274,5598,324,5.787781350482315
46069,898,903,5,0.5537098560354374
46071,1230,1252,22,1.7571884984025559
46073,3503,3092,-411,-13.292367399741266
46075,611,758,147,19.393139841688654
46077,3474,3648,174,4.769736842105264
46079,8564,10592,2028,19.14652567975831
46081,23394,26364,2970,11.265361857077833
46083,49330,58290,8960,15.371418768227826
46085,2940,2880,-60,-2.083333333333333
46087,2566,2628,62,2.359208523592085
46089,923,992,69,6.955645161290322
46091,3290,3346,56,1.6736401673640167
46093,14684,16588,1904,11.478176995418375
46095,604,670,66,9.850746268656717
46097,1402,1601,199,12.429731417863835
46099,253830,275272,21442,7.7893864977186205
46101,4758,4964,206,4.149879129734085
46102,9436,7580,-1856,-24.485488126649077
46103,112094,122290,10196,8.337558263144983
46105,2110,2258,148,6.554472984942426
46107,1596,1650,54,3.272727272727273
46109,7312,7182,-130,-1.8100807574491784
46111,1280,1262,-18,-1.4263074484944533
46115,3769,3851,82,2.129317060503765
46117,2392,2632,240,9.118541033434651
46119,1680,1391,-289,-20.7764198418404
46121,5612,5890,278,4.719864176570458
46123,4472,4700,228,4.851063829787234
46125,4296,4676,380,8.126603934987168
46127,19302,19648,346,1.7609934853420197
46129,4204,4074,-130,-3.1909671084928815
46135,24462,26370,1908,7.235494880546075
46137,392,418,26,6.220095693779904
46999,4262,5438,1176,21.625597646193455
47000,6433178,7017266,584088,8.323583572291545
47001,80534,89646,9112,10.164424514200299
47003,31554,36232,4678,12.911238684036212
47005,7984,8556,572,6.685366993922394
47007,3069,4918,1849,37.596583977226516
47009,98902,110590,11688,10.56876751966724
47011,87618,86100,-1518,-1.7630662020905925
47013,18614,18908,294,1.5548973979268035
47015,4846,5112,266,5.203442879499217
47017,13784,15588,1804,11.57300487554529
47019,22756,24082,1326,5.506187193754672
47021,17478,18934,1456,7.689870074997359
47023,7312,7778,466,5.991257392645925
47025,17738,18212,474,2.6026795519437735
47027,2570,2898,328,11.31815044858523
47029,14660,15972,1312,8.214375156523916
47031,52816,53922,1106,2.0511108638403623
47033,7630,8260,630,7.627118644067797
47035,34432,38358,3926,10.235153031962042
47037,976148,1115206,139058,12.469265767938838
47039,6492,6946,454,6.536135905557155
47041,11122,11416,294,2.5753328661527677
47043,35640,38172,2532,6.633134234517447
47045,30496,34520,4024,11.657010428736964
47047,16216,16074,-142,-0.8834142092820704
47049,10394,11576,1182,10.210780926053904
47051,22268,23678,1410,5.95489483909114
47053,29048,30210,1162,3.846408474015227
47055,19654,20298,644,3.172726376982954
47057,8118,8036,-82,-1.0204081632653061
47059,48366,50304,1938,3.852576335877863
47061,4226,4514,288,6.380150642445724
47063,64586,68962,4376,6.345523621704707
47065,408770,444108,35338,7.957073504643014
47067,1780,2068,288,13.926499032882012
47069,12944,13438,494,3.6761422830778394
47071,15798,16720,922,5.514354066985646
47073,24080,24386,306,1.25481833839088
47075,9998,13946,3948,28.30919260002868
47077,15690,16356,666,4.071900220102714
47079,22172,23638,1466,6.201878331500127
47081,7774,8218,444,5.402774397663665
47083,2876,2920,44,1.5068493150684932
47085,11520,12044,524,4.350714048488874
47087,2922,3254,332,10.202827289489859
47089,26704,27588,884,3.2042917210381328
47091,8868,8806,-62,-0.7040654099477629
47093,476680,525666,48986,9.318845046093907
47095,2308,2938,630,21.443158611300202
47097,13618,13148,-470,-3.5746881655004565
47099,22250,23956,1706,7.1213892135581895
47101,5824,6596,772,11.704063068526379
47103,18508,20492,1984,9.681827054460278
47105,34538,35528,990,2.7865345642873227
47107,36450,34730,-1720,-4.95249064209617
47109,10296,11016,720,6.535947712418301
47111,9844,10666,822,7.706731670729421
47113,118020,123298,5278,4.280685818099239
47115,15214,16408,1194,7.27693807898586
47117,18946,20284,1338,6.5963320844014985
47119,73320,85328,12008,14.072754547159198
47121,4378,3936,-442,-11.229674796747966
47123,28494,30742,2248,7.312471537310519
47125,114492,126904,12412,9.780621572212066
47127,3847,4848,1001,20.6476897689769
47129,4882,7604,2722,35.796948974224094
47131,21468,24368,2900,11.90085357846356
47133,10068,11164,1096,9.817269795772125
47135,3216,3258,42,1.289134438305709
47137,1848,1670,-178,-10.658682634730539
47139,4494,5408,914,16.900887573964496
47141,76928,80240,3312,4.127617148554337
47143,21436,24288,2852,11.742424242424242
47145,38966,41290,2324,5.628481472511504
47147,47332,47474,142,0.299111092387412
47149,275744,296870,21126,7.11624616835652
47151,10788,11518,730,6.337905886438618
47153,6216,7090,874,12.32722143864598
47155,95550,107326,11776,10.972178223356876
47157,978246,986450,8204,0.8316691165289676
47159,10306,10718,412,3.8440007464079122
47161,5494,6086,592,9.727242852448242
47163,133808,140226,6418,4.576897294367663
47165,115100,125568,10468,8.33651885830785
47167,23302,23964,662,2.7624770489066934
47169,3642,4166,524,12.578012481997119
47171,9628,10254,626,6.104934659645016
47173,4978,5736,758,13.214783821478381
47175,1434,1874,440,23.479188900747065
47177,26196,26888,692,2.5736387979767925
47179,123754,132232,8478,6.411458648436081
47181,7698,8262,564,6.82643427741467
47183,21950,22146,196,0.8850356723561816
47185,14606,15086,480,3.1817579212514913
47187,281274,318428,37154,11.667943773788737
47189,111550,136724,25174,18.41227582575115
47999,128656,218720,90064,41.1777615215801
48000,26428991,29863620,3434629,11.50104709342002
48001,39304,40304,1000,2.481143310837634
48003,13606,15192,1586,10.439705107951553
48005,68762,71522,2760,3.8589524901428933
48007,10962,12836,1874,14.599563727017761
48009,3226,3542,316,8.921513269339357
48011,896,970,74,7.628865979381444
48013,24894,28492,3598,12.628106135055454
48015,21552,26472,4920,18.5856754306437
48017,5018,4854,-164,-3.378656777915121
48019,6856,7376,520,7.049891540130152
48021,37696,44288,6592,14.884393063583815
48023,2944,3090,146,4.724919093851133
48025,16262,16534,272,1.6450949558485546
48027,241522,261330,19808,7.579688516435159
48029,1696080,1877494,181414,9.662560839075917
48031,7252,8306,1054,12.689621960028893
48033,700,982,282,28.716904276985744
48035,7266,8072,806,9.985133795837463
48037,82106,83208,1102,1.3243918853956351
48039,221878,244020,22142,9.073846406032292
48041,214792,250300,35508,14.186176588094288
48043,8048,9198,1150,12.502717982170036
48045,708,804,96,11.940298507462686
48047,5144,4832,-312,-6.456953642384105
48049,29870,31876,2006,6.293135901618772
48051,9190,9314,124,1.3313291818767448
48053,30038,33658,3620,10.755243924178501
48055,17836,20468,2632,12.859097127222983
48057,25688,27258,1570,5.759776946217624
48059,4914,5836,922,15.798492117888966
48061,281748,313856,32108,10.23016924959217
48063,7516,7778,262,3.368475186423245
48065,10572,13340,2768,20.7496251874063
48067,15130,15322,192,1.253100117478136
48069,5062,4964,-98,-1.974214343271555
48071,32348,41640,9292,22.315081652257447
48073,28400,29798,1398,4.691590039599973
48075,5252,5694,442,7.76255707762557
48077,2974,3436,462,13.445867287543656
48079,1312,1474,162,10.990502035278155
48081,1322,1684,362,21.49643705463183
48083,3938,4296,358,8.333333333333332
48085,828173,1021149,192976,18.897927726512
48087,1676,1690,14,0.8284023668639053
48089,13442,15020,1578,10.505992010652463
48091,122606,146732,24126,16.44222119237794
48093,8192,8930,738,8.26427771556551
48095,1812,1932,120,6.211180124223603
48097,27166,32800,5634,17.176829268292686
48099,31176,30130,-1046,-3.4716229671423826
48101,1042,1658,616,37.15319662243667
48103,2180,2674,494,18.474195961106957
48105,2570,2738,168,6.135865595325055
48107,2390,2388,-2,-0.08375209380234507
48109,2526,3060,534,17.45098039215686
48111,8872,9144,272,2.974628171478565
48113,3409968,3713698,303730,8.178640266386767
48115,8342,8538,196,2.2956195830405246
48117,15738,16920,1182,6.98581560283688
48119,1946,1886,-60,-3.1813361611876987
48121,535176,631160,95984,15.207554344381775
48123,14274,14450,176,1.217993079584775
48125,880,716,-164,-22.905027932960895
48127,10732,11700,968,8.273504273504273
48129,1838,1818,-20,-1.1001100110011002
48131,6298,7510,1212,16.13848202396804
48133,13062,12008,-1054,-8.777481678880745
48135,132732,157796,25064,15.883799335851354
48137,1176,1246,70,5.617977528089887
48139,108840,123324,14484,11.744672569816094
48141,605210,663896,58686,8.839637533589597
48143,32900,38076,5176,13.593864901775396
48145,6002,6068,66,1.087673038892551
48147,16026,17538,1512,8.621279507355457
48149,17194,18228,1034,5.6725916172920785
48151,1660,1666,6,0.36014405762304924
48153,3076,3120,44,1.4102564102564104
48155,772,792,20,2.525252525252525
48157,394782,498598,103816,20.821583720752994
48159,6992,6750,-242,-3.585185185185185
48161,8698,9382,684,7.290556384566191
48163,13206,13060,-146,-1.11791730474732
48165,12434,13640,1206,8.841642228739003
48167,212656,245676,33020,13.440466305214999
48169,3226,3306,80,2.4198427102238353
48171,22184,25134,2950,11.737089201877934
48173,1070,1418,348,24.541607898448518
48175,2534,2926,392,13.397129186602871
48177,14690,14372,-318,-2.2126356804898415
48179,14078,14948,870,5.82017661225582
48181,95508,105416,9908,9.398952720649618
48183,140680,151078,10398,6.882537497186883
48185,13832,15712,1880,11.965376782077392
48187,84118,96054,11936,12.426343515106087
48189,22410,22142,-268,-1.2103694336554962
48191,1670,1638,-32,-1.9536019536019535
48193,5428,5914,486,8.21778829895164
48195,4036,4414,378,8.563661078386952
48197,2530,2640,110,4.166666666666666
48199,25426,24442,-984,-4.025857131167662
48201,4450012,4909142,459130,9.352550812341546
48203,44180,43734,-446,-1.0198015274157406
48205,5022,4992,-30,-0.6009615384615385
48207,4170,3162,-1008,-31.87855787476281
48209,138131,174674,36543,20.920686536061464
48211,3144,2864,-280,-9.776536312849162
48213,35766,38474,2708,7.038519519675625
48215,524222,586534,62312,10.623766056187705
48217,19836,22602,2766,12.237855057074595
48219,16840,18390,1550,8.428493746601413
48221,31388,36804,5416,14.715791761765026
48223,25960,28958,2998,10.352924925754541
48225,13854,15324,1470,9.592795614722005
48227,24442,25800,1358,5.263565891472869
48229,2808,2478,-330,-13.317191283292978
48231,56320,67266,10946,16.272708351916272
48233,15202,15670,468,2.986598596043395
48235,1570,1432,-138,-9.636871508379889
48237,4788,5082,294,5.785123966942149
48239,11010,11538,528,4.5761830473218925
48241,18452,18090,-362,-2.0011055831951357
48243,1608,1600,-8,-0.5
48245,225420,240724,15304,6.357488243797876
48247,3162,3416,254,7.43559718969555
48249,27304,31038,3734,12.030414330820285
48251,98590,116342,17752,15.258462120300493
48253,6352,6058,-294,-4.853086827335754
48255,12150,12870,720,5.594405594405594
48257,66848,85472,18624,21.789591913141145
48259,34362,41258,6896,16.7143341897329
48261,676,544,-132,-24.264705882352942
48263,556,686,130,18.950437317784257
48265,36496,38524,2028,5.264250856608867
48267,2626,2476,-150,-6.058158319870759
48269,282,688,406,59.01162790697675
48271,2002,1832,-170,-9.27947598253275
48273,22912,24170,1258,5.204799338022341
48275,2254,2466,212,8.59691808596918
48277,43308,44838,1530,3.412284223203533
48279,8042,7866,-176,-2.2374777523518943
48281,9092,10560,1468,13.90151515151515
48283,5782,6488,706,10.881627620221948
48285,10848,12362,1514,12.247209189451546
48287,13056,13936,880,6.3145809414466125
48289,9518,11514,1996,17.335417752301545
48291,35446,39796,4350,10.930746808724495
48293,12172,14556,2384,16.378125858752405
48295,2560,2460,-100,-4.0650406504065035
48297,6962,7336,374,5.09814612868048
48299,9228,11266,2038,18.089827800461567
48301,159,896,737,82.25446428571429
48303,283138,306464,23326,7.611334447112875
48305,3114,2992,-122,-4.077540106951872
48307,4712,4726,14,0.29623360135421073
48309,228082,247946,19864,8.011421841852663
48311,762,1144,382,33.39160839160839
48313,8538,8914,376,4.218083912945928
48315,3894,4386,492,11.21751025991792
48317,4146,4644,498,10.723514211886306
48319,2082,2354,272,11.554800339847068
48321,20240,22436,2196,9.787840969869851
48323,33896,37080,3184,8.586839266450918
48325,20106,21912,1806,8.242059145673604
48327,914,858,-56,-6.526806526806526
48329,181800,232660,50860,21.860225221353048
48331,10134,12216,2082,17.043222003929273
48333,2608,2542,-66,-2.5963808025177024
48335,3820,4198,378,9.004287756074321
48337,8986,9998,1012,10.122024404880976
48339,380296,455740,75444,16.55417562645368
48341,22182,25066,2884,11.505625149605041
48343,6736,6944,208,2.995391705069124
48345,588,680,92,13.529411764705882
48347,43640,46606,2966,6.363987469424538
48349,33366,32788,-578,-1.7628400634378432
48351,2584,2632,48,1.82370820668693
48353,12234,12150,-84,-0.6913580246913581
48355,303346,328092,24746,7.54239664484352
48357,7958,8488,530,6.244109330819981
48359,1896,1774,-122,-6.877113866967305
48361,42830,48202,5372,11.144765777353637
48363,15644,16626,982,5.906411644412366
48365,14542,15598,1056,6.770098730606488
48367,68590,82192,13602,16.549055869184347
48369,12144,12922,778,6.020739823556725
48371,10806,10964,158,1.4410798978475008
48373,23300,25374,2074,8.173721131867266
48375,151498,156484,4986,3.1862682446767723
48377,4124,4134,10,0.24189646831156267
48379,4134,4694,560,11.930123561994035
48381,66360,73454,7094,9.657744983254826
48383,3360,3354,-6,-0.17889087656529518
48385,1626,1630,4,0.245398773006135
48387,5438,5380,-58,-1.0780669144981412
48389,12224,15860,3636,22.92559899117276
48391,4196,4604,408,8.861859252823631
48393,498,388,-110,-28.350515463917525
48395,9086,11152,2066,18.525824964131996
48397,66626,82158,15532,18.90503663672436
48399,5792,6102,310,5.080301540478532
48401,25242,26726,1484,5.552645364064956
48403,4914,4766,-148,-3.1053294167016365
48405,3492,4358,866,19.87150068838917
48407,4212,5020,808,16.095617529880478
48409,38838,46112,7274,15.774635669673836
48411,3068,3196,128,4.005006257822278
48413,1406,1137,-269,-23.658751099384347
48415,11102,12378,1276,10.30861205364356
48417,2310,2538,228,8.983451536643026
48419,16930,16972,42,0.24746641527221305
48421,2104,2148,44,2.0484171322160147
48423,209000,226822,17822,7.857262523035684
48425,6638,7666,1028,13.409861727106707
48427,28538,29670,1132,3.8153016514998312
48429,6770,6544,-226,-3.4535452322738385
48431,990,738,-252,-34.146341463414636
48433,932,1500,568,37.86666666666667
48435,2552,2396,-156,-6.51085141903172
48437,3672,3652,-20,-0.547645125958379
48439,1822320,2029446,207126,10.206036524253417
48441,127628,136300,8672,6.3624358033749076
48443,554,542,-12,-2.214022140221402
48445,6478,6174,-304,-4.9238743116294135
48447,822,870,48,5.517241379310345
48449,33264,34546,1282,3.710994036936259
48451,93234,100532,7298,7.259380097879283
48453,1543026,1833920,290894,15.861869656255454
48455,4414,4724,310,6.562235393734124
48457,8112,7992,-120,-1.5015015015015014
48459,14222,15988,1766,11.045784338253691
48461,3538,6326,2788,44.07208346506481
48463,18672,19334,662,3.42401986138409
48465,36304,37006,702,1.896989677349619
48467,22260,25378,3118,12.286232169595712
48469,71844,75122,3278,4.363568595085328
48471,49290,51548,2258,4.38038333204004
48473,40076,48639,8563,17.605213922983616
48475,8982,11726,2744,23.40098925464779
48477,30164,30005,-159,-0.5299116813864355
48479,195914,214040,18126,8.46851055877406
48481,30892,33342,2450,7.34808949673085
48483,3688,3630,-58,-1.5977961432506886
48485,104398,108462,4064,3.746934410208184
48487,11336,12094,758,6.2675706962129984
48489,7370,8358,988,11.82100981095956
48491,372740,457508,84768,18.528200599770933
48493,17350,19024,1674,8.799411269974769
48495,6084,7630,1546,20.262123197903016
48497,39322,43334,4012,9.258319102783034
48499,20610,21530,920,4.273107292150487
48501,5730,6834,1104,16.154521510096576
48503,12658,13758,1100,7.9953481610699235
48505,5354,5694,340,5.97119775201967
48507,4528,5088,560,11.0062893081761
48999,326278,533852,207574,38.88231195162704
49000,3354187,3686457,332270,9.013261242434131
49001,5456,5438,-18,-0.33100404560500185
49003,43468,48264,4796,9.937013094646113
49005,122686,127776,5090,3.983533683946907
49007,16980,17014,34,0.19983542964617373
49009,610,630,20,3.1746031746031744
49011,272656,288504,15848,5.493164739483682
49013,15012,17816,2804,15.738661876964526
49015,6526,7244,718,9.911651021535063
49017,3820,3974,154,3.8751887267237044
49019,10996,12204,1208,9.89839396919043
49021,42802,50630,7828,15.461189018368557
49023,7932,8974,1042,11.611321595720971
49025,6834,7472,638,8.538543897216275
49027,9566,10478,912,8.703951135712924
49029,5316,6302,986,15.64582672167566
49031,445,628,183,29.14012738853503
49033,1472,2028,556,27.416173570019726
49035,1452326,1597638,145312,9.095427124292236
49037,7550,8668,1118,12.898015689893864
49039,17012,19150,2138,11.164490861618798
49041,18286,19710,1424,7.224759005580923
49043,57510,67170,9660,14.381420276909335
49045,37858,38596,738,1.9121152451031194
49047,23906,29746,5840,19.632891817387215
49049,533340,589172,55832,9.476349860482168
49051,21320,24256,2936,12.104221635883905
49053,149638,169834,20196,11.891611809178375
49055,2030,2188,158,7.221206581352833
49057,222066,244806,22740,9.288988014999633
50000,623500,675939,52439,7.75794857228241
50001,27780,30230,2450,8.104531921931855
50003,30794,33986,3192,9.39210263049491
50005,20168,21482,1314,6.116748906060889
50007,190714,208294,17580,8.43999347076728
50009,1658,1139,-519,-45.56628621597893
50011,34348,34750,402,1.1568345323741007
50013,1803,2052,249,12.134502923976607
50015,21782,25764,3982,15.455674584691817
50017,14144,15804,1660,10.503669956972917
50019,19858,21756,1898,8.72403015260158
50021,48538,51490,2952,5.733152068362789
50023,62904,66470,3566,5.364826237400331
50025,38068,41628,3560,8.55193619679062
50027,44206,47664,3458,7.254951325948304
50999,15512,9553,-5959,-62.37831047838376
51000,8291645,8919763,628118,7.041868713327921
51001,23886,25644,1758,6.855404773046327
51003,93646,128562,34916,27.1588805401285
51005,6900,6434,-466,-7.242772769661175
51007,4546,5048,502,9.944532488114104
51009,15182,15846,664,4.19033194497034
51011,6696,7108,412,5.796285875070343
51013,343794,362518,18724,5.16498491109407
51015,55256,59958,4702,7.842156175989859
51017,3716,4454,738,16.56937584193983
51019,36768,37424,656,1.7528858486532708
51021,3147,3878,731,18.84992264053636
51023,21562,23290,1728,7.419493344783169
51025,6496,6456,-40,-0.6195786864931847
51027,11120,12076,956,7.916528651871481
51029,5096,6208,1112,17.912371134020617
51031,33798,36704,2906,7.917393199651264
51033,11186,13080,1894,14.480122324159023
51035,12002,11150,-852,-7.641255605381166
51036,3290,3410,120,3.519061583577713
51037,4677,5584,907,16.242836676217763
51041,272766,294280,21514,7.310724480086991
51043,7326,7746,420,5.4221533694810224
51045,1482,1508,26,1.7241379310344827
51047,31592,33188,1596,4.808967096540918
51049,2014,2690,676,25.130111524163567
51051,6632,6718,86,1.2801428996725217
51053,17476,20444,2968,14.517706906671885
51057,6978,7244,266,3.6720044174489237
51059,1201894,1267070,65176,5.143835778607339
51061,43470,46546,3076,6.608516306449534
51063,6203,7266,1063,14.629782548857692
51065,7304,9736,2432,24.979457682826624
51067,30048,31024,976,3.145951521402785
51069,68806,78472,9666,12.317769395453155
51071,9792,14980,5188,34.632843791722294
51073,18754,20118,1364,6.779998011730788
51075,37388,36828,-560,-1.5205821657434562
51077,6796,6750,-46,-0.6814814814814816
51079,7356,8006,650,8.118910816887334
51081,8750,8114,-636,-7.838304165639635
51083,22758,23630,872,3.690224291155311
51085,104510,120096,15586,12.977950972555288
51087,367752,375698,7946,2.1149966196253374
51089,31056,31384,328,1.0451185317359164
51091,702,1190,488,41.008403361344534
51093,22120,20788,-1332,-6.407542813161439
51095,53444,59202,5758,9.72602276950103
51097,2308,2204,-104,-4.71869328493648
51099,23899,27224,3325,12.21348809873641
51101,7730,8198,468,5.708709441327153
51103,8822,9680,858,8.863636363636363
51105,8184,8214,30,0.3652300949598247
51107,334254,385250,50996,13.237118754055807
51109,19216,20236,1020,5.040521842261316
51111,4680,4666,-14,-0.30004286326618085
51113,6392,6226,-166,-2.6662383552842917
51115,2988,3230,242,7.492260061919505
51117,21990,23788,1798,7.558432823272238
51119,6230,6696,466,6.959378733572281
51121,69312,87886,18574,21.134196572832987
51125,7494,8280,786,9.492753623188406
51127,10138,11524,1386,12.02707393266227
51131,7960,8454,494,5.843387745445943
51133,5158,4818,-340,-7.056870070568701
51135,10650,10926,276,2.5260845689181766
51137,18924,19318,394,2.039548607516306
51139,10302,10956,654,5.969331872946331
51141,7343,8430,1087,12.894424673784105
51143,24014,25656,1642,6.40006236357967
51145,14810,16372,1562,9.540679208404592
51147,17084,17410,326,1.8724870763928776
51149,28640,29448,808,2.743819614235262
51153,256292,283042,26750,9.450894213579609
51155,26662,29824,3162,10.60219957081545
51157,2884,3016,132,4.376657824933687
51159,5726,5534,-192,-3.469461510661366
51161,76480,75986,-494,-0.6501197589029558
51163,11348,11920,572,4.798657718120805
51165,66236,70232,3996,5.689714090443103
51167,12848,12742,-106,-0.8318945220530529
51169,9576,9930,354,3.564954682779456
51171,27210,27310,100,0.36616623947272064
51173,23376,23830,454,1.9051615610574903
51175,7150,7340,190,2.588555858310627
51177,71282,76084,4802,6.3114452447295095
51179,90202,92254,2052,2.2242937975589134
51181,4076,4248,172,4.048964218455744
51183,7076,6464,-612,-9.467821782178218
51185,27594,27844,250,0.8978595029449792
51187,25794,27258,1464,5.370900286154524
51191,37006,40072,3066,7.651227789978039
51193,6468,6344,-124,-1.9546027742749055
51195,22624,22022,-602,-2.733630006357279
51197,21790,23656,1866,7.888062225228272
51199,39610,43960,4350,9.895359417652411
51510,168322,162064,-6258,-3.861437456807187
51520,18344,21064,2720,12.913026965438663
51530,4460,5204,744,14.296694850115296
51540,62454,73460,11006,14.98230329430983
51550,201920,212778,10858,5.102971171831674
51570,18727,19706,979,4.968030041611692
51580,7404,7752,348,4.489164086687306
51590,49290,49496,206,0.4161952481008566
51595,6308,6732,424,6.2982768865121805
51600,36912,47488,10576,22.270889487870623
51610,21532,24768,3236,13.065245478036175
51620,8468,7906,-562,-7.108525170756387
51630,45694,49178,3484,7.084468664850137
51640,10892,11900,1008,8.470588235294118
51650,99730,100780,1050,1.0418733875769002
51660,51453,64014,12561,19.62227012840941
51670,14882,14830,-52,-0.3506405933917734
51678,7489,11032,3543,32.11566352429296
51680,98060,98052,-8,-0.008158936074735855
51683,45388,49612,4224,8.514069176812061
51685,6788,7910,1122,14.184576485461442
51690,17944,18228,284,1.5580425718674566
51700,202864,205068,2204,1.0747654436577136
51710,267200,284528,17328,6.090086037226565
51720,6372,6264,-108,-1.7241379310344827
51730,23600,23632,32,0.13540961408259986
51735,2937,3762,825,21.929824561403507
51740,87162,86842,-320,-0.3684852951336911
51750,8793,11848,3055,25.784942606347062
51760,293228,324142,30914,9.537178150316837
51770,126108,131998,5890,4.462188821042743
51775,37586,40726,3140,7.710062368020429
51790,21058,23104,2046,8.855609418282548
51800,65962,71470,5508,7.706730096544004
51810,339758,355564,15806,4.44533192336682
51820,18184,19038,854,4.485765311482299
51830,21376,24056,2680,11.140671765879615
51840,50206,50810,604,1.188742373548514
51999,307628,449142,141514,31.50763010361979
53000,6979262,7747500,768238,9.91594707970313
53001,15024,16698,1674,10.025152712899748
53003,12710,14178,1468,10.35406968542813
53005,172236,192754,20518,10.644655882627598
53007,77516,87146,9630,11.050421132352604
53009,44376,49140,4764,9.694749694749696
53011,313146,364308,51162,14.04361144965249
53013,2764,3220,456,14.161490683229813
53015,76708,82488,5780,7.007079817670449
53017,21996,23634,1638,6.9306930693069315
53019,3392,3480,88,2.528735632183908
53021,63018,70186,7168,10.212862964123898
53023,894,769,-125,-16.25487646293888
53025,72054,81966,9912,12.09281897372081
53027,42694,46716,4022,8.609469988868911
53029,32100,36460,4360,11.958310477235326
53031,16480,17988,1508,8.383366688903713
53033,2686672,2918996,232324,7.959037970589888
53035,171524,187710,16186,8.622875712535294
53037,28328,33698,5370,15.935663837616476
53039,13286,12972,-314,-2.4205982115325315
53041,52110,53990,1880,3.482126319688831
53043,5222,5606,384,6.849803781662504
53045,27776,30110,2334,7.751577548987047
53047,29736,32562,2826,8.678828081813156
53049,11588,12832,1244,9.694513715710723
53051,5412,6394,982,15.358148263997498
53053,608732,667704,58972,8.832057318811929
53055,10148,11416,1268,11.107217939733708
53057,95082,105408,10326,9.796220400728597
53059,3538,5026,1488,29.606048547552728
53061,539940,592118,52178,8.81209488649222
53063,435324,484562,49238,10.161341582707681
53065,21374,22800,1426,6.254385964912281
53067,225994,255934,29940,11.69832847531004
53069,1348,800,-548,-68.5
53071,52260,57190,4930,8.620388179751705
53073,167862,186208,18346,9.85242309675202
53075,27316,39236,11920,30.380263023753695
53077,207130,222640,15510,6.966403162055336
53999,42772,65664,22892,34.862329434697855
54000,1444443,1540811,96368,6.254368640930004
54001,7260,7918,658,8.31017933821672
54003,72884,77828,4944,6.352469548234568
54005,8570,9094,524,5.762040906091928
54007,7068,7286,218,2.9920395278616523
54009,14304,14174,-130,-0.9171722872865811
54011,99576,103910,4334,4.1709171398325475
54013,2112,2358,246,10.432569974554708
54015,2550,3356,806,24.016686531585222
54017,3146,2964,-182,-6.140350877192982
54019,18714,19648,934,4.753664495114006
54021,3450,3446,-4,-0.11607661056297155
54023,6450,7140,690,9.663865546218489
54025,24592,25702,1110,4.318730059917516
54027,7260,8312,1052,12.656400384985563
54029,16958,18492,1534,8.295479126108587
54031,10658,12312,1654,13.434048083170891
54033,68120,76100,7980,10.486202365308804
54035,14858,17612,2754,15.637065637065636
54037,28758,33500,4742,14.155223880597015
54039,181608,197634,16026,8.108928625641337
54041,10044,11298,1254,11.099309612320765
54043,4492,4794,302,6.299541093032958
54045,18452,21082,2630,12.475097239351106
54047,8040,7986,-54,-0.67618332081142
54049,33374,34720,1346,3.8767281105990787
54051,21420,21528,108,0.5016722408026756
54053,11102,11420,318,2.7845884413309983
54055,35096,38780,3684,9.499742135121195
54057,15406,17432,2026,11.622303809086738
54059,8106,10128,2022,19.964454976303315
54061,108776,119286,10510,8.810757339503377
54063,3846,4058,212,5.224248398225726
54065,5622,6132,510,8.317025440313111
54067,13146,13998,852,6.086583797685384
54069,52770,54796,2026,3.6973501715453683
54071,2858,2702,-156,-5.773501110288675
54073,4584,5180,596,11.505791505791505
54075,6614,6852,238,3.47343841214244
54077,14204,14278,74,0.5182798711304104
54079,38648,41366,2718,6.570613547357733
54081,60522,65736,5214,7.931726907630522
54083,21184,21026,-158,-0.7514505849900124
54085,6156,6162,6,0.09737098344693282
54087,5528,5832,304,5.212620027434842
54089,4018,4584,566,12.347294938917976
54091,5996,6684,688,10.293237582286057
54093,5162,5522,360,6.519377037305324
54095,3572,3888,316,8.127572016460906
54097,14116,15274,1158,7.581511064554144
54099,16216,16780,564,3.361144219308701
54101,3148,3056,-92,-3.0104712041884816
54103,8608,8730,122,1.3974799541809853
54105,931,1650,719,43.57575757575757
54107,67236,72302,5066,7.0067218057591765
54109,8334,9228,894,9.687906371911573
54999,61471,56412,-5059,-8.967950081542934
55000,5901748,6266613,364865,5.822363691518848
55001,7308,8064,756,9.375
55003,14582,15558,976,6.27329991001414
55005,41632,43080,1448,3.361188486536676
55007,5769,6346,577,9.092341632524425
55009,304982,316700,11718,3.700031575623618
55011,7418,7264,-154,-2.1200440528634363
55013,7362,9858,2496,25.319537431527696
55015,29596,32492,2896,8.912963190939308
55017,47628,52426,4798,9.151947506962195
55019,21646,22492,846,3.76133736439623
55021,39891,44258,4367,9.86714266347327
55023,12660,12340,-320,-2.593192868719611
55025,660826,715238,54412,7.607537630830577
55027,64272,67410,3138,4.655095683133066
55029,23912,26210,2298,8.767645936665396
55031,30538,31722,1184,3.7324254460626696
55033,31374,32907,1533,4.6585832801531595
55035,112114,117514,5400,4.5951971679970045
55037,1633,1617,-16,-0.9894867037724181
55039,90164,91616,1452,1.5848760041914076
55041,5548,6150,602,9.788617886178862
55043,31450,31171,-279,-0.8950627185525007
55045,30602,31550,948,3.004754358161648
55047,10734,11418,684,5.990541250656857
55049,19772,22128,2356,10.647143890093998
55051,3086,3410,324,9.501466275659824
55053,13095,13054,-41,-0.31407997548644095
55055,66306,67808,1502,2.2150778669183575
55057,17806,18912,1106,5.848138747884941
55059,139252,149976,10724,7.150477409718889
55061,12594,13244,650,4.907882814859559
55063,133448,139754,6306,4.512214319447028
55065,8360,10236,1876,18.327471668620554
55067,14288,14636,348,2.3776988248155235
55069,18227,18619,392,2.105376228583705
55071,64598,66426,1828,2.7519344834853823
55073,138570,141708,3138,2.2144127360487764
55075,36160,35794,-366,-1.0225177404034196
55077,7590,7556,-34,-0.4499735309687666
55078,2027,4128,2101,50.89631782945736
55079,911582,942258,30676,3.2555839271197486
55081,40694,42698,2004,4.693428263618904
55083,17160,18054,894,4.9518112329677635
55085,30274,32364,2090,6.457792609071808
55087,209210,216722,7512,3.4661917110399494
55089,81146,82424,1278,1.550519266233136
55091,3846,4327,481,11.116246822278715
55093,16964,18190,1226,6.73996701484332
55095,30716,32716,2000,6.11321677466683
55097,60779,61906,1127,1.8205020514974315
55099,9860,10302,442,4.29042904290429
55101,143508,153370,9862,6.43020147356067
55103,11468,11730,262,2.2335890878090363
55105,128838,137646,8808,6.399023582232684
55107,9364,9556,192,2.0092088740058602
55109,66632,72592,5960,8.210271104253913
55111,65526,71010,5484,7.722855935783693
55113,12648,13872,1224,8.823529411764707
55115,24198,24480,282,1.1519607843137256
55117,116860,120780,3920,3.245570458685213
55119,16176,15528,-648,-4.1731066460587325
55121,25480,24920,-560,-2.247191011235955
55123,16604,17946,1342,7.47798952412794
55125,14926,15708,782,4.978354978354979
55127,74476,80392,5916,7.358941188177928
55129,10910,10952,42,0.38349159970781593
55131,111004,115736,4732,4.088615469689638
55133,470828,497960,27132,5.448630412081291
55135,33916,36766,2850,7.7517271392047
55137,10494,11028,534,4.842219804134929
55139,181246,186484,5238,2.8088200596297805
55141,72370,73008,638,0.873876835415297
55999,127876,217180,89304,41.11980845381711
56000,585627,622526,36899,5.927302634749392
56001,31392,33780,2388,7.069271758436944
56003,8166,8242,76,0.9221062848823101
56005,45780,50314,4534,9.011408355527289
56007,13234,12162,-1072,-8.814339746752179
56009,11470,12516,1046,8.357302652604666
56011,4245,4501,256,5.687624972228393
56013,29370,31194,1824,5.847278322754375
56015,8076,8292,216,2.6049204052098407
56017,3744,3866,122,3.1557165028453182
56019,6198,6606,408,6.176203451407812
56021,91818,95874,4056,4.2305526002878775
56023,13356,14216,860,6.049521665728756
56025,72124,79124,7000,8.846873262221324
56027,980,913,-67,-7.338444687842278
56029,25292,26722,1430,5.351395853603772
56031,6784,6726,-58,-0.8623253047873922
56033,26512,28378,1866,6.5755162449785045
56035,7190,7362,172,2.3363216517250747
56037,39868,41914,2046,4.881423867920027
56039,39630,45504,5874,12.908755274261605
56041,15866,16468,602,3.6555744474131653
56043,7112,7302,190,2.6020268419611066
56045,4764,4868,104,2.1364009860312243
56999,3235,4272,1037,24.274344569288388
72000,1946539,2155019,208480,9.674160645451387
72001,2921,3778,857,22.683959767072526
72003,8816,10072,1256,12.470214455917395
72005,31714,40164,8450,21.03874116123892
72007,2734,3540,806,22.768361581920903
72009,10480,12402,1922,15.49750040316078
72011,8974,13496,4522,33.50622406639004
72013,35693,47724,12031,25.209538177856004
72015,4221,5754,1533,26.642335766423358
72017,18635,21516,2881,13.390035322550661
72019,4958,6876,1918,27.89412449098313
72021,95676,113218,17542,15.494002720415482
72023,10876,14174,3298,23.267955411316496
72025,86639,91336,4697,5.142550582464746
72027,6086,9722,3636,37.39971199341699
72029,8974,11954,2980,24.928894094027104
72031,81397,101866,20469,20.094045118096325
72033,19911,23526,3615,15.365978066819688
72035,16719,20548,3829,18.634416974888065
72037,2323,2982,659,22.09926224010731
72039,2443,3602,1159,32.17656857301499
72041,10427,12976,2549,19.64395807644883
72043,5824,7722,1898,24.579124579124578
72045,2659,3840,1181,30.755208333333332
72047,6234,8010,1776,22.172284644194757
72049,378,1066,688,64.54033771106941
72051,17007,23300,6293,27.008583690987127
72053,15302,20020,4718,23.566433566433567
72054,1750,2398,648,27.022518765638033
72055,4874,6952,2078,29.890678941311855
72057,17037,19698,2661,13.50898568382577
72059,3491,4556,1065,23.375768217734855
72061,100321,116064,15743,13.564068100358423
72063,14287,18340,4053,22.099236641221374
72065,17047,20354,3307,16.24742065441682
72067,4723,7360,2637,35.828804347826086
72069,26856,34990,8134,23.246641897685052
72071,10493,14758,4265,28.899579888873834
72073,4489,6240,1751,28.060897435897438
72075,11615,14344,2729,19.02537646402677
72077,14716,16398,1682,10.257348457128918
72079,5946,7428,1482,19.951534733441033
72081,7173,8704,1531,17.589613970588236
72083,1832,2604,772,29.64669738863287
72085,13193,14830,1637,11.038435603506407
72087,2421,3488,1067,30.590596330275226
72089,3360,4574,1214,26.541320507214692
72091,26019,29954,3935,13.136809774988315
72093,2235,3120,885,28.365384615384613
72095,1974,2820,846,30.0
72097,51833,64146,12313,19.195273282823557
72099,8487,10666,2179,20.42940183761485
72101,3857,5188,1331,25.655358519660755
72103,4435,4530,95,2.097130242825607
72105,6086,7920,1834,23.156565656565657
72107,5692,6050,358,5.917355371900826
72109,2231,3242,1011,31.184454040715607
72111,4105,5502,1397,25.390766993820428
72113,82028,98366,16338,16.60939755606612
72115,3913,5410,1497,27.670979667282808
72117,3254,5142,1888,36.717230649552704
72119,8164,12300,4136,33.6260162601626
72121,5699,6994,1295,18.515870746354018
72123,5624,7684,2060,26.808953669963557
72125,15440,15614,174,1.1143845267068015
72127,419957,533266,113309,21.248120075159488
72129,6232,10116,3884,38.3946223803875
72131,10170,13260,3090,23.30316742081448
72133,11768,13302,1534,11.532100436024658
72135,6621,9186,2565,27.92292619203135
72137,24901,29400,4499,15.302721088435375
72139,19421,20972,1551,7.395575052450887
72141,5209,7748,2539,32.769747031491995
72143,8024,9108,1084,11.901624945103206
72145,14453,17546,3093,17.6279493901744
72147,2045,3000,955,31.833333333333336
72149,5365,7028,1663,23.662492885600457
72151,4139,5894,1755,29.776043434000677
72153,10104,13922,3818,27.42422065795144
72999,2460,6066,3606,59.446092977250245
78000,80762,83408,2646,3.172357567619413
78010,32300,30206,-2094,-6.932397536913196
78020,1690,3944,2254,57.1501014198783
78030,17992,38368,20376,53.106755629691406
C1010,20999,20976,-23,-0.10964912280701754
C1014,21347,23358,2011,8.609469988868911
C1018,138894,148194,9300,6.275557714887242
C1022,19081,19882,801,4.028769741474701
C1026,1718,1889,171,9.052408681842245
C1030,23241,25876,2635,10.183181326325553
C1038,104796,124010,19214,15.49391178130796
C1042,576536,638232,61696,9.666704270547386
C1046,16462,17821,1359,7.625834689411369
C1050,108052,118648,10596,8.930618299507788
C1054,90898,97404,6506,6.679397150014372
C1058,833726,888514,54788,6.166250616197382
C1062,18759,23665,4906,20.73103739699979
C1066,11135,11859,724,6.105067880934312
C1070,37926,40916,2990,7.307654707205005
C1074,716248,807392,91144,11.288692481471205
C1078,118462,120392,1930,1.603096551265865
C1082,17947,19088,1141,5.977577535624476
C1086,13652,15519,1867,12.030414330820285
C1090,690552,751846,61294,8.15246739358858
C1094,12301,12649,348,2.7512056289034708
C1098,10659,12243,1584,12.93800539083558
C1102,111588,115890,4302,3.7121408231944084
C1106,9377,9806,429,4.37487252702427
C1110,231222,246022,14800,6.015722171187942
C1114,11198,11632,434,3.7310866574965615
C1118,76074,82522,6448,7.813673929376409
C1122,18130,18926,796,4.20585438021769
C1126,296798,346418,49620,14.323736064523207
C1138,6803,7596,793,10.439705107951553
C1142,14992,16278,1286,7.900233443912029
C1146,406562,438040,31478,7.186101725869784
C1150,87428,85960,-1468,-1.7077710563052584
C1154,238806,249214,10408,4.176330382723282
C1158,9401,9822,421,4.286296070046833
C1162,22640,23794,1154,4.84996217533832
C1164,72392,83210,10818,13.000841245042663
C1166,8540,8732,192,2.1988089784699953
C1168,13388,13291,-97,-0.7298171695132044
C1170,375564,412394,36830,8.930779788260741
C1174,18854,18504,-350,-1.8914829226113272
C1178,28548,29611,1063,3.5898821383945156
C1182,17366,18899,1533,8.111540293137203
C1186,5234,5530,296,5.352622061482821
C1190,19750,21184,1434,6.7692598187311175
C1194,18225,17365,-860,-4.95249064209617
C1198,17883,19237,1354,7.038519519675625
C1202,172826,191138,18312,9.580512509286484
C1206,5223258,5760302,537044,9.323191735433316
C1210,223906,248142,24236,9.766988256723973
C1214,21186,21986,800,3.638679159465114
C1218,23853,24980,1127,4.511609287429944
C1222,118488,134398,15910,11.837973779371717
C1226,450538,461610,11072,2.398561556292108
C1230,58735,61673,2938,4.763835065587858
C1238,15504,16763,1259,7.510588796754758
C1242,1963811,2372671,408860,17.2320561932101
C1246,8073,8252,179,2.1691711100339313
C1254,638492,686730,48238,7.024303583650052
C1258,2532474,2503088,-29386,-1.1739898876907244
C1262,135392,142338,6946,4.879933678989447
C1266,32763,35505,2742,7.722855935783693
C1268,15909,18745,2836,15.12936783142171
C1270,168348,181428,13080,7.20947152589457
C1274,31452,33235,1783,5.364826237400331
C1278,18431,19241,810,4.2097604074632295
C1282,6413,6112,-301,-4.924738219895288
C1286,22067,22929,862,3.7594312878886997
C1290,16397,17517,1120,6.393788890791802
C1294,674481,736471,61990,8.417167817877418
C1298,100148,107884,7736,7.170664788105744
C1302,62694,67252,4558,6.7774936061381075
C1306,10120,11218,1098,9.787840969869851
C1310,8444,8737,293,3.3535538514364203
C1314,296260,316000,19740,6.246835443037975
C1318,34707,36185,1478,4.084565427663397
C1322,79236,85384,6148,7.200412255223461
C1326,13189,13277,88,0.6628003314001657
C1330,8131,8267,136,1.6450949558485546
C1334,18150,19238,1088,5.655473541948227
C1338,167862,186208,18346,9.85242309675202
C1342,19139,20660,1521,7.362052274927396
C1346,163118,185086,21968,11.869077077682807
C1350,6699,5692,-1007,-17.6914968376669
C1354,15397,16993,1596,9.39210263049491
C1362,12020,13136,1116,8.495736906211937
C1366,12049,13621,1572,11.5410028632259
C1370,12825,13670,845,6.18141916605706
C1372,17814,17502,-312,-1.7826534110387384
C1374,161548,181236,19688,10.863183914895496
C1378,181482,192370,10888,5.6599261839164114
C1382,969008,1034816,65808,6.359391428041314
C1390,137276,144052,6776,4.7038569405492465
C1394,14847,15698,851,5.421072748120779
C1398,136582,151804,15222,10.027403757476746
C1401,152469,176547,24078,13.63829461843022
C1402,118869,145768,26899,18.45329564787882
C1410,77874,81936,4062,4.957527826596368
C1414,31345,33312,1967,5.904779058597502
C1418,16839,18593,1754,9.433657828214919
C1422,10445,11184,739,6.607653791130186
C1426,642143,769028,126885,16.4993992416401
C1434,8763,8799,36,0.40913740197749743
C1438,23401,25785,2384,9.245685476051968
C1442,7601,7835,234,2.986598596043395
C1446,5045588,5453340,407752,7.477105773709323
C1450,358054,392970,34916,8.885156627732396
C1454,144422,159682,15260,9.556493530892649
C1458,60834,72013,11179,15.52358601919098
C1462,13577,13971,394,2.820127406771169
C1466,35365,40080,4715,11.763972055888223
C1470,32694,35784,3090,8.63514419852448
C1472,22370,24966,2596,10.398141472402466
C1474,171524,187710,16186,8.622875712535294
C1478,15082,16583,1501,9.051438219863716
C1482,8905,9710,805,8.290422245108136
C1486,780688,842410,61722,7.326836101185884
C1502,12402,12805,403,3.1472081218274113
C1506,6332,6490,158,2.4345146379044684
C1510,17475,19306,1831,9.484098207811043
C1518,281748,313856,32108,10.23016924959217
C1522,14935,15938,1003,6.293135901618772
C1526,81968,91360,9392,10.280210157618214
C1534,12523,12642,119,0.9413067552602437
C1538,983304,1069526,86222,8.0617020998087
C1542,19629,21564,1935,8.973288814691152
C1546,21108,21041,-67,-0.31842593032650535
C1550,122258,136878,14620,10.681044433729307
C1554,210486,227649,17163,7.539238037505107
C1558,15265,16570,1305,7.875678937839468
C1562,16302,17747,1445,8.14222122048797
C1566,23385,24849,1464,5.8915851744537004
C1568,92370,91933,-437,-0.4753461760194925
C1570,12000,11803,-197,-1.6690671863085655
C1574,14014,14405,391,2.714335300242971
C1578,10103,10366,263,2.5371406521319697
C1582,12565,12355,-210,-1.69971671388102
C1586,13701,14311,610,4.262455453846691
C1590,7654,8354,700,8.379219535551831
C1594,314398,329482,15084,4.578095313249282
C1598,533142,604200,71058,11.760675273088381
C1602,86466,90338,3872,4.286125440014169
C1606,90431,94941,4510,4.750318618931757
C1610,27864,32069,4205,13.11235149209517
C1618,50655,63378,12723,20.074789359083596
C1622,72124,79124,7000,8.846873262221324
C1626,21401,25315,3914,15.461189018368557
C1630,257597,277488,19891,7.168237905783313
C1634,11032,11368,336,2.955665024630542
C1638,19671,20483,812,3.964263047405165
C1646,12064,12733,669,5.254064242519438
C1650,26055,26995,940,3.482126319688831
C1654,115808,118478,2670,2.253582943668867
C1658,167853,181012,13159,7.26968377787108
C1662,192728,210084,17356,8.261457321833172
C1666,25325,27144,1819,6.701296787503684
C1670,678374,772106,93732,12.139783915679972
C1674,2424380,2684354,259974,9.684788220927643
C1682,214738,234252,19514,8.330345098440995
C1686,495244,538798,43554,8.083548936707263
C1694,91818,95874,4056,4.2305526002878775
C1698,8401016,9090298,689282,7.582611703158686
C1702,150436,157408,6972,4.429253913397032
C1706,28809,30033,1224,4.075516931375487
C1714,2046234,2183252,137018,6.275867375822855
C1720,93824,100195,6371,6.358600728579271
C1722,38631,42874,4243,9.896440733311564
C1726,7073,6538,-535,-8.182930559804221
C1730,181266,196288,15022,7.6530404303880015
C1734,15501,16593,1092,6.581088410775628
C1738,10210,10722,512,4.775228502145122
C1742,92112,91508,-604,-0.6600515801897102
C1746,1924084,2007960,83876,4.177174844120401
C1750,12026,12776,750,5.870381966186599
C1754,19333,19373,40,0.20647292623754712
C1758,16813,18165,1352,7.442884668318195
C1762,3452,3861,409,10.593110593110593
C1764,3397,3842,445,11.582509109838627
C1766,127630,140102,12472,8.902085623331573
C1770,13899,14818,919,6.201916587933595
C1774,13625,15190,1565,10.302830809743252
C1778,233068,270766,37698,13.922722941580554
C1782,569046,641182,72136,11.250471784922222
C1786,187088,199324,12236,6.138748971523751
C1790,738424,789600,51176,6.481256332320163
C1798,212930,232606,19676,8.458939150322864
C1802,96758,100524,3766,3.7463690263021765
C1806,24100,25298,1198,4.735552217566606
C1810,19301,19927,626,3.141466352185477
C1814,2051084,2179878,128794,5.908312300046149
C1818,73678,77735,4057,5.219013314465813
C1822,5884,5853,-31,-0.5296429181616266
C1826,44959,47329,2370,5.007500686682584
C1830,22594,23242,648,2.788056105326564
C1838,8382,9047,665,7.350502929147784
C1842,13627,13839,212,1.5319025941180722
C1846,13184,14491,1307,9.01939134635291
C1850,34506,35129,623,1.7734635201685216
C1858,353146,387040,33894,8.757234394377843
C1862,16683,16394,-289,-1.7628400634378432
C1866,16620,17192,572,3.32712889716147
C1870,70650,77970,7320,9.38822624086187
C1874,9336,9721,385,3.9604978911634605
C1878,4499,4856,357,7.35172981878089
C1882,14756,15380,624,4.057217165149545
C1886,7620,8047,427,5.306325338635516
C1888,226934,247560,20626,8.33171756341897
C1890,17216,19179,1963,10.235153031962042
C1898,28901,30861,1960,6.351057969605652
C1900,13628,14639,1011,6.906209440535556
C1906,67982,64079,-3903,-6.090919021832426
C1910,6807087,7683389,876302,11.405149472452845
C1914,124940,132548,7608,5.73980746597459
C1918,45871,46929,1058,2.254469517782182
C1922,17626,19071,1445,7.576949294740706
C1926,36652,37576,924,2.459016393442623
C1930,148248,165450,17202,10.397098821396192
C1934,340668,360332,19664,5.45718948081214
C1938,719018,748608,29590,3.952669487902881
C1942,10718,12144,1426,11.742424242424242
C1946,109656,116088,6432,5.540624353938392
C1950,83886,84940,1054,1.2408759124087592
C1954,13255,13127,-128,-0.9750895101698789
C1958,14578,15577,999,6.413301662707839
C1962,18152,18503,351,1.896989677349619
C1966,387754,435750,47996,11.01457257601836
C1970,6977,7719,742,9.612644124886643
C1974,2726434,3235426,508992,15.731838713047368
C1976,8192,9092,900,9.898812142542896
C1978,715988,740881,24893,3.359918799375338
C1982,3569978,3858594,288616,7.479822961420663
C1986,16840,19420,2580,13.285272914521112
C1994,12484,12646,162,1.2810374822078128
C1998,16772,17974,1202,6.687437409591632
C2002,114252,121078,6826,5.637688101884736
C2006,17118,18128,1010,5.5714916151809355
C2010,79328,85227,5899,6.921515482182876
C2014,20419,21449,1030,4.802088675462725
C2018,28579,29397,818,2.78259686362554
C2022,113474,118764,5290,4.454211713987403
C2026,230946,247940,16994,6.854077599419214
C2030,11091,12533,1442,11.505625149605041
C2034,13844,15349,1505,9.805199035767801
C2038,25625,28610,2985,10.433414889898637
C2042,23513,27555,4042,14.668844129921974
C2046,19888,21941,2053,9.356911717788615
C2050,567101,684268,117167,17.12296936288121
C2054,15248,17260,2012,11.657010428736964
C2058,16948,18540,1592,8.586839266450918
C2066,16511,18027,1516,8.409607810506463
C2070,105078,112488,7410,6.587369319394069
C2074,159742,169940,10198,6.0009415087678
C2078,33488,36561,3073,8.405131150679686
C2082,22070,23558,1488,6.316325664317854
C2090,15446,16671,1225,7.34808949673085
C2094,121330,129644,8314,6.412946221961679
C2098,16381,16705,324,1.9395390601616282
C2102,18279,20003,1724,8.618707193920912
C2106,105026,114992,9966,8.666689856685682
C2112,8590,9935,1345,13.537996980372421
C2114,265986,258714,-7272,-2.810825854031865
C2118,10592,10513,-79,-0.7514505849900124
C2122,25393,26088,695,2.664060104262496
C2126,14164,16849,2685,15.935663837616476
C2130,65650,68164,2514,3.6881638401502257
C2134,608018,666374,58356,8.757244430304905
C2138,14725,15729,1004,6.383113993260856
C2142,23486,23389,-97,-0.4147248706656975
C2146,16224,17197,973,5.657963598302029
C2150,223964,238054,14090,5.918825140514337
C2154,12707,13380,673,5.029895366218237
C2158,8846,9632,786,8.16029900332226
C2166,293040,314300,21260,6.764237989182311
C2170,46970,50733,3763,7.417262925511994
C2174,7933,8234,301,3.6555744474131653
C2178,297642,309384,11742,3.7952835311457607
C2182,68612,72392,3780,5.221571444358493
C2184,7353,7539,186,2.4671707122960607
C2190,16687,17360,673,3.8767281105990787
C2198,8621,9012,391,4.338659565024412
C2202,270080,295292,25212,8.53798951546266
C2206,23765,25745,1980,7.690813750242766
C2210,22433,22501,68,0.30220879072041246
C2214,81294,93028,11734,12.613406716257472
C2218,251280,269534,18254,6.772429452313994
C2222,487776,543400,55624,10.23629002576371
C2226,21075,22554,1479,6.557595105081139
C2228,12554,13674,1120,8.190726927014772
C2230,44406,44538,132,0.2963761282500337
C2234,5339,5851,512,8.750640916082721
C2238,112532,130322,17790,13.65080339466859
C2242,247980,268070,20090,7.494311187376431
C2250,169186,177758,8572,4.822286479370829
C2252,105552,110390,4838,4.382643355376393
C2254,90164,91616,1452,1.5848760041914076
C2258,17878,18245,367,2.011510002740477
C2262,6750,6762,12,0.1774622892635315
C2266,313294,353892,40598,11.471861471861471
C2270,17179,17657,478,2.7071416435408056
C2278,12718,13459,741,5.505609629244372
C2280,19630,19333,-297,-1.5362333833341952
C2282,12049,12878,829,6.437334989905265
C2286,12123,12552,429,3.4177820267686427
C2290,206290,216962,10672,4.918833712816069
C2306,419144,448400,29256,6.524531668153434
C2314,10803,11613,810,6.974941875484371
C2318,36170,39158,2988,7.630624648858471
C2324,11092,12567,1475,11.737089201877934
C2330,16460,17054,594,3.4830538290137216
C2334,17928,18683,755,4.041106888615318
C2338,24364,25476,1112,4.364892447794002
C2342,752466,841340,88874,10.563386977916181
C2346,64986,65950,964,1.461713419257013
C2350,20222,18524,-1698,-9.166486719930901
C2354,269306,287568,18262,6.350497969175986
C2358,180504,204448,23944,11.711535451557364
C2362,13583,16400,2817,17.176829268292686
C2366,15991,16836,845,5.019006889997624
C2370,18965,20374,1409,6.915676843035241
C2378,20680,21972,1292,5.880211177862734
C2382,18009,20005,1996,9.977505623594102
C2386,23603,25339,1736,6.851099096254785
C2390,65672,66488,816,1.2272891348814823
C2394,22890,25157,2267,9.011408355527289
C2398,16518,17991,1473,8.187427046856762
C2402,96240,99846,3606,3.6115618051799774
C2406,41524,46973,5449,11.600281012496541
C2410,15697,16478,781,4.739652870493992
C2414,81284,84398,3114,3.6896608924382095
C2422,97312,105166,7854,7.468193142270316
C2426,82100,87578,5478,6.254995546826829
C2430,121864,132948,11084,8.337094202244486
C2434,1035476,1164636,129160,11.090160359116496
C2438,7204,7043,-161,-2.285957688485021
C2442,55918,62652,6734,10.748260231117921
C2446,11458,11408,-50,-0.438288920056101
C2450,69366,74032,4666,6.302679922195807
C2454,209516,235740,26224,11.124119792992278
C2458,334736,347998,13262,3.8109414421921963
C2462,24183,25152,969,3.852576335877863
C2464,25309,26263,954,3.632486768457526
C2466,693912,720152,26240,3.6436752241193524
C2470,14083,14096,13,0.09222474460839955
C2474,15669,14418,-1251,-8.676654182272161
C2478,151400,164386,12986,7.899699487790931
C2482,18040,18305,265,1.447691887462442
C2486,739079,803122,64043,7.97425546803599
C2490,15073,13841,-1232,-8.90109096163572
C2494,33622,33680,58,0.17220902612826602
C2498,10128,9291,-837,-9.008718114304164
C2502,28048,28694,646,2.2513417439185894
C2506,293492,308142,14650,4.754301588228803
C2510,9364,9801,437,4.4587287011529435
C2518,196660,191367,-5293,-2.76588962569304
C2520,15036,17032,1996,11.719116956317519
C2522,88800,94992,6192,6.51844365841334
C2526,94206,101404,7198,7.0983393160033135
C2530,16669,16622,-47,-0.2827577908795572
C2542,632056,675008,42952,6.363183843747038
C2546,14944,15608,664,4.254228600717581
C2550,114091,134246,20155,15.01348271084427
C2554,1181328,664549,-516779,-77.7638669232818
C2558,15220,15696,476,3.032619775739042
C2562,123192,125322,2130,1.6996217743093789
C2570,15290,16096,806,5.007455268389662
C2572,10660,12128,1468,12.104221635883905
C2574,38699,41851,3152,7.531480729253781
C2576,5103,4538,-565,-12.4504186866461
C2578,13527,14204,677,4.766263024500141
C2582,7869,8460,591,6.98581560283688
C2584,35681,39937,4256,10.656784435485891
C2586,278173,311240,33067,10.624277085207556
C2588,11602,12524,922,7.3618652187799425
C2590,64003,74763,10760,14.39214584754491
C2594,150876,163396,12520,7.662366275796225
C2598,34832,41958,7126,16.98365031698365
C2602,25954,33680,7726,22.93942992874109
C2609,36543,40429,3886,9.61191224121299
C2614,63998,69880,5882,8.41728677733257
C2622,12923,13866,943,6.80080773114092
C2630,72050,76576,4526,5.910468031759298
C2634,11005,12459,1454,11.67027851352436
C2638,159052,167018,7966,4.769545797458957
C2642,5419206,6111237,692031,11.32391036381014
C2646,20182,20978,796,3.794451329964725
C2650,11460,12239,779,6.364899093063158
C2654,13413,13736,323,2.3514851485148514
C2658,245574,261066,15492,5.934131598906023
C2662,463830,526374,62544,11.882045845729463
C2666,26852,28136,1284,4.563548478817174
C2670,8228,8640,412,4.768518518518518
C2674,25737,26655,918,3.444006752954418
C2678,15149,15648,499,3.1889059304703475
C2682,144056,161366,17310,10.727166813331184
C2686,27048,27985,937,3.348222261926032
C2690,2013092,2208018,194926,8.828098321662232
C2694,8011,8669,658,7.590264159649325
C2696,18902,19547,645,3.2997390903975035
C2698,145940,154019,8079,5.245456729364559
C2702,13695,14725,1030,6.9949066213921895
C2706,91830,95308,3478,3.6492214714399633
C2710,106716,112854,6138,5.438885639853262
C2714,455019,512992,57973,11.300955960326867
C2716,10130,10384,254,2.446070878274268
C2718,132962,139336,6374,4.574553597060343
C2722,23250,27296,4046,14.822684642438452
C2726,1382066,1517150,135084,8.903799887947796
C2730,14374,14657,283,1.930818039162175
C2734,98980,109972,10992,9.995271523660568
C2738,14200,14899,699,4.691590039599973
C2742,10560,11048,488,4.417089065894279
C2746,43975,46137,2162,4.686043739298177
C2750,128838,137646,8808,6.399023582232684
C2754,31112,30953,-159,-0.5136820340516266
C2758,2756,3120,364,11.666666666666666
C2760,35920,49104,13184,26.849136526555885
C2762,127021,154556,27535,17.815549056652603
C2770,8152,8658,506,5.844305844305844
C2774,156138,166568,10430,6.261706930502858
C2778,92890,95882,2992,3.1205022840574874
C2786,114720,120414,5694,4.72868603318551
C2790,153168,162284,9116,5.617312858938651
C2792,12892,12635,-257,-2.034032449544915
C2794,15469,16149,680,4.210787045637501
C2798,119449,137121,17672,12.887887340378207
C2802,262908,283098,20190,7.131805947057203
C2806,44243,49743,5500,11.0568321170818
C2810,78368,77634,-734,-0.9454620398279104
C2814,2041996,2178628,136632,6.271469934288919
C2818,26720,32471,5751,17.711188445074065
C2826,28728,30227,1499,4.959142488503656
C2830,30130,31754,1624,5.114316306607042
C2834,17266,16703,-563,-3.3706519786864635
C2838,8896,9155,259,2.8290551611141455
C2842,235254,262940,27686,10.529398341827033
C2850,18248,19262,1014,5.264250856608867
C2854,6106,6413,307,4.787151099329487
C2858,40245,47055,6810,14.472425884603124
C2862,17580,19515,1935,9.915449654112221
C2866,281790,302020,20230,6.698231905171843
C2870,222814,235678,12864,5.458294792046776
C2874,109660,117114,7454,6.3647386307358635
C2878,11838,12357,519,4.20004855547463
C2882,28343,29532,1189,4.026141135039957
C2886,9944,10555,611,5.788725722406443
C2890,21934,23320,1386,5.943396226415095
C2894,719575,843004,123429,14.641567537046088
C2902,72526,70672,-1854,-2.623386914195155
C2906,24274,25138,864,3.437027607606015
C2910,143514,150096,6582,4.385193476175248
C2918,374562,399346,24784,6.206147050427449
C2920,163616,202888,39272,19.356492251882813
C2926,9890,10473,583,5.566695311754034
C2930,38783,41440,2657,6.411679536679536
C2934,179632,184260,4628,2.511668294800825
C2938,24537,24958,421,1.6868338809199455
C2942,102796,111650,8854,7.930138826690551
C2946,476900,528982,52082,9.845703634528206
C2950,4171,4269,98,2.2956195830405246
C2954,470564,504950,34386,6.809783146846223
C2962,390954,435040,44086,10.133780801765354
C2966,15696,16890,1194,7.069271758436944
C2970,195914,214040,18126,8.46851055877406
C2974,139164,158232,19068,12.050659790687092
C2978,7359,7807,448,5.738439861662611
C2982,1802126,2241558,439432,19.603864811885305
C2986,30126,31871,1745,5.475196887452543
C2990,11221,11754,533,4.534626510124213
C2994,79043,101368,22325,22.023715570988873
C2998,11125,11978,853,7.1213892135581895
C3002,84060,86904,2844,3.272576636288318
C3006,13416,14040,624,4.444444444444445
C3014,97940,106774,8834,8.273549740573548
C3022,8420,9195,775,8.428493746601413
C3026,16450,17468,1018,5.827799404625601
C3028,9473,10142,669,6.5963320844014985
C3030,53958,58230,4272,7.336424523441525
C3034,96248,96740,492,0.5085796981600166
C3038,15200,16288,1088,6.679764243614931
C3042,11961,12236,275,2.2474664923177508
C3046,517528,571646,54118,9.467047788316545
C3058,10767,11141,374,3.3569697513688177
C3062,97578,99342,1764,1.7756840007247692
C3066,8357,7993,-364,-4.553984736644564
C3070,343674,362796,19122,5.270730658551914
C3078,655170,711758,56588,7.950455070403143
C3082,12237,12543,306,2.439607749342263
C3086,130188,136376,6188,4.537455270722121
C3088,9226,10541,1315,12.475097239351106
C3090,14143,14438,295,2.0432192824490927
C3094,46317,48769,2452,5.02778404314216
C3098,180144,193792,13648,7.042602377807134
C3102,76708,82488,5780,7.007079817670449
C3106,17554,22297,4743,21.27191998923622
C3108,11238126,12428692,1190566,9.579173737670867
C3114,1256598,1348446,91848,6.811396229437442
C3118,288642,311844,23202,7.440258590833879
C3122,9209,9938,729,7.335479975850272
C3126,34381,35761,1380,3.8589524901428933
C3130,37824,38781,957,2.4677032567494392
C3134,190504,195134,4630,2.372728484016112
C3138,9443,10216,773,7.5665622552858265
C3142,190018,191210,1192,0.6233983578264735
C3146,99908,113112,13204,11.673385670839522
C3150,12012,12882,870,6.753609687936655
C3154,679720,813174,133454,16.41149372704981
C3158,15860,17775,1915,10.773558368495078
C3162,7736,8267,531,6.4231280996734
C3166,16620,17297,677,3.913973521419899
C3168,8220,8109,-111,-1.368849426563078
C3170,392986,407984,14998,3.6761245539040748
C3174,64622,80414,15792,19.63837142786082
C3182,32299,33213,914,2.7519344834853823
C3186,104104,111422,7318,6.567823230600779
C3190,94868,97950,3082,3.1465033180193975
C3193,23711,24971,1260,5.045853189700052
C3194,24597,25036,439,1.7534749960057519
C3198,26606,27246,640,2.348968655949497
C3200,15390,15728,338,2.1490335707019326
C3202,23739,23256,-483,-2.0768833849329207
C3210,24013,26076,2063,7.911489492253414
C3214,13171,13901,730,5.251420761096324
C3218,8519,9177,658,7.170099160945844
C3222,22090,21867,-223,-1.0198015274157406
C3226,15793,15714,-79,-0.5027364133893344
C3228,10975,11073,98,0.8850356723561816
C3230,24500,24806,306,1.2335725227767476
C3234,7711,8595,884,10.285049447353112
C3238,26158,25454,-704,-2.765773552290406
C3242,56556,71506,14950,20.907336447291136
C3246,11193,11729,536,4.569869554096683
C3250,7886,7957,71,0.8922960914917683
C3254,15099,15073,-26,-0.1724938631990977
C3258,524222,586534,62312,10.623766056187705
C3262,16631,16982,351,2.066894358732776
C3266,13098,13444,346,2.5736387979767925
C3270,14822,16216,1394,8.59644795263937
C3274,27660,29109,1449,4.977841904565598
C3278,173150,181610,8460,4.65833379219206
C3282,1231452,1256240,24788,1.9731898363370057
C3286,17154,17953,799,4.450509664122988
C3290,152116,164718,12602,7.650651416360082
C3294,36370,36288,-82,-0.22597001763668428
C3298,9992,10172,180,1.7695635076681087
C3302,8501,8230,-271,-3.292831105710814
C3306,11888,13021,1133,8.701328622993627
C3310,4927890,5639090,711200,12.611963987097209
C3314,76578,82542,5964,7.225412517263938
C3318,7963,8562,599,6.996028965195047
C3322,68160,76742,8582,11.182924604519037
C3326,185946,237304,51358,21.64228163031386
C3330,16266,17275,1009,5.840810419681621
C3334,1574560,1638378,63818,3.8951939051915985
C3342,7822,8313,491,5.906411644412366
C3346,3570892,3645396,74504,2.0437834462977413
C3350,31448,33651,2203,6.546610799084722
C3354,119570,129778,10208,7.865739955924733
C3358,12457,13230,773,5.842781557067271
C3362,9127,9555,428,4.479330193615908
C3366,332090,345294,13204,3.8239876742717804
C3370,366190,391282,25092,6.412766240205274
C3374,144676,149404,4728,3.164573906990442
C3378,72176,82722,10546,12.748724643988298
C3386,319584,339076,19492,5.748563743821444
C3394,15116,16917,1801,10.646095643435597
C3398,22748,24861,2113,8.499255862596033
C3402,19771,20552,781,3.8001167769560142
C3406,122980,133564,10584,7.924290976610464
C3410,91290,96550,5260,5.447954427757638
C3414,13028,14606,1578,10.803779268793647
C3418,36027,40983,4956,12.09281897372081
C3422,14831,15585,754,4.837985242220083
C3426,15056,16105,1049,6.513505122632724
C3430,7182,7457,275,3.6878101113048145
C3434,27426,29495,2069,7.014748262417358
C3438,25492,26751,1259,4.706366117154499
C3442,16632,17273,641,3.710994036936259
C3446,13428,14009,581,4.1473338568063385
C3450,18707,19288,581,3.0122355868934054
C3454,19317,20377,1060,5.201943367522206
C3458,95082,105408,10326,9.796220400728597
C3462,79656,90652,10996,12.129903366721088
C3466,14815,15806,991,6.269770973048209
C3470,21862,21660,-202,-0.9325946445060018
C3474,112672,124880,12208,9.77578475336323
C3478,29184,28017,-1167,-4.1653281935967446
C3482,310328,360168,49840,13.8379867173097
C3486,21820,23303,1483,6.363987469424538
C3490,133840,151654,17814,11.746475529824469
C3494,299988,347194,47206,13.596433118083837
C3498,1969998,2221584,251586,11.324622431562345
C3502,14756,15261,505,3.309088526308892
C3506,13061,14501,1440,9.930349631059928
C3510,87928,93844,5916,6.30407911001236
C3514,14832,14539,-293,-2.0152692757411104
C3522,12731,13572,841,6.196581196581197
C3526,26364,27026,662,2.449493080737068
C3530,711316,762948,51632,6.767433691418026
C3538,1008896,1081562,72666,6.718616223572943
C3542,35458,37463,2005,5.351947254624563
C3544,16676,18188,1512,8.31317352100286
C3546,7330,7986,656,8.214375156523916
C3550,10845,10199,-646,-6.333954309246005
C3558,12851,13285,434,3.2668423033496423
C3562,17447742,19444024,1996282,10.266815140734243
C3566,109018,119328,10310,8.640050951997855
C3570,13531,14286,755,5.284894302113958
C3574,24678,25688,1010,3.93179694799128
C3582,14304,14907,603,4.045079492855706
C3584,593096,674640,81544,12.087039013399739
C3586,7390,8112,722,8.900394477317555
C3590,20293,19091,-1202,-6.2961604944738365
C3594,20080,21475,1395,6.495925494761351
C3598,219820,239430,19610,8.1902852608278
C3602,16050,18230,2180,11.958310477235326
C3610,215938,239844,23906,9.967312086189356
C3614,69632,76220,6588,8.643400682235635
C3622,132732,157796,25064,15.883799335851354
C3626,543506,587876,44370,7.547510019119678
C3630,33916,35110,1194,3.4007405297636004
C3634,16492,16426,-66,-0.4018020211859248
C3638,11528,12411,883,7.114656353235034
C3642,1215712,1342596,126884,9.450646359738894
C3646,26562,28186,1624,5.761725679415313
C3650,225994,255934,29940,11.69832847531004
C3654,886459,988324,101865,10.306842695310445
C3658,20355,21933,1578,7.194638216386267
C3662,19213,20324,1111,5.466443613461917
C3666,23182,23451,269,1.1470726195044987
C3670,27459,28503,1044,3.66277233975371
C3674,2342904,2801152,458248,16.359269329190276
C3678,181246,186484,5238,2.8088200596297805
C3682,7836,7850,14,0.17834394904458598
C3683,7512,8349,837,10.025152712899748
C3684,9085,10295,1210,11.753278290432249
C3686,51007,51607,600,1.1626329761466467
C3690,17625,17572,-53,-0.3016162076030048
C3694,19965,18971,-994,-5.239576195245375
C3698,101518,104954,3436,3.2738151952283854
C3702,14179,15472,1293,8.357032057911065
C3706,22876,25134,2258,8.983846582318773
C3708,20438,20451,13,0.06356657376167424
C3710,619286,664814,45528,6.848231234600956
C3712,17126,18105,979,5.407346037006352
C3714,45121,49878,4757,9.537270941096274
C3722,12447,13777,1330,9.653770777382595
C3726,16043,17490,1447,8.273299028016009
C3730,19652,20152,500,2.481143310837634
C3734,439090,484916,45826,9.45029654620594
C3742,7039,7474,435,5.82017661225582
C3746,154462,169652,15190,8.953622710018156
C3750,14940,15994,1054,6.589971239214705
C3754,11086,11819,733,6.201878331500127
C3758,21654,22419,765,3.412284223203533
C3762,64173,73952,9779,13.223442232799654
C3766,8215,8651,436,5.039879782684083
C3774,14254,15116,862,5.702566816618153
C3778,6112,7930,1818,22.92559899117276
C3786,351480,380444,28964,7.613209828516155
C3790,294143,315039,20896,6.63282958617822
C3794,8678,8933,255,2.8545841262733687
C3798,5045226,5478630,433404,7.910809819243132
C3806,4267760,4714190,446430,9.469919540790677
C3810,10590,11575,985,8.509719222462204
C3818,12488,13041,553,4.240472356414386
C3822,60666,59020,-1646,-2.7888851236868857
C3824,35647,39951,4304,10.773197166528998
C3826,16850,17811,961,5.3955420807366234
C3830,2076910,2157320,80410,3.727309810320212
C3834,108146,117758,9612,8.162502759897416
C3838,11205,11071,-134,-1.2103694336554962
C3842,17771,17561,-210,-1.1958316724560105
C3846,32203,33149,946,2.8537814112039577
C3850,17891,19329,1438,7.439598530705157
C3854,68238,73994,5756,7.779009108846663
C3858,16202,17125,923,5.389781021897811
C3862,17374,17265,-109,-0.6313350709527946
C3866,138156,150670,12514,8.30556846087476
C3870,12906,14088,1182,8.390119250425894
C3874,18504,18282,-222,-1.2143091565474238
C3878,5841,6103,262,4.292970670162215
C3882,22188,24570,2382,9.694749694749696
C3884,11979,13040,1061,8.136503067484663
C3886,501561,566630,65069,11.483507756384236
C3890,2238988,2450494,211506,8.631157635970544
C3892,12844,13629,785,5.759776946217624
C3894,300018,336146,36128,10.747710816133466
C3902,22837,24891,2054,8.251978626812905
C3906,47423,49957,2534,5.072362231519106
C3914,129162,141596,12434,8.781321506257239
C3922,8490,8507,17,0.19983542964617373
C3926,6411,7204,793,11.00777345918934
C3930,1307096,1417746,110650,7.804642016270898
C3934,541272,598146,56874,9.508380896971643
C3938,120072,125962,5890,4.676013400866928
C3942,17239,19618,2379,12.126618411662758
C3946,98898,112580,13682,12.153135548054717
C3950,33667,34838,1171,3.361272174062805
C3954,143508,153370,9862,6.43020147356067
C3958,1266242,1456830,190588,13.082377490853428
C3966,130876,143308,12432,8.675021631730258
C3970,3685,4179,494,11.82100981095956
C3974,330362,345412,15050,4.357115560547983
C3978,18624,20120,1496,7.435387673956262
C3982,129850,138512,8662,6.2536097955411805
C3986,19653,21319,1666,7.8146254514752105
C3990,450023,522140,72117,13.81181292373693
C3994,19420,21051,1631,7.747850458410527
C3998,29115,29694,579,1.9498888664376643
C4006,1239410,1323200,83790,6.332376058041113
C4008,36513,40734,4221,10.362350861688025
C4010,14269,14835,566,3.8153016514998312
C4014,3041228,3370568,329340,9.771053424823354
C4018,14685,15597,912,5.847278322754375
C4022,293266,304532,11266,3.6994470203459735
C4026,20193,20381,188,0.9224277513370296
C4030,14400,14961,561,3.749749348305594
C4034,228362,242858,14496,5.96892010969373
C4038,938566,1001586,63020,6.292020854924091
C4042,265096,275662,10566,3.832954850505329
C4046,13332,14571,1239,8.50319127033148
C4054,19934,20957,1023,4.881423867920027
C4058,109884,111130,1246,1.1212093944029515
C4062,18431,19357,926,4.783799142429095
C4066,77100,89040,11940,13.409703504043128
C4070,37396,38790,1394,3.593709718999742
C4074,20279,21430,1151,5.370975268315446
C4078,30898,33917,3019,8.901141020727069
C4082,18266,18478,212,1.1473103149691526
C4086,24269,25745,1476,5.733152068362789
C4090,1950256,2139778,189522,8.857087043609196
C4094,9835,10701,866,8.09270161667134
C4098,152168,160910,8742,5.432850661860667
C4106,183738,207892,24154,11.618532699670983
C4110,149638,169834,20196,11.891611809178375
C4114,106804,108496,1692,1.5595044978616723
C4118,2542684,2673548,130864,4.8947690484704225
C4122,14492,15607,1115,7.144230153136413
C4140,28363,28214,-149,-0.5281066137378606
C4142,343236,381552,38316,10.04214366586992
C4146,29489,32193,2704,8.399341471748517
C4150,330712,355042,24330,6.852710383560255
C4154,279651,307088,27437,8.934572500390768
C4162,1490184,1636234,146050,8.925984914138198
C4166,94804,94154,-650,-0.6903583490876649
C4170,2006372,2238342,231970,10.363474393099894
C4174,2740044,3086052,346008,11.211995131643926
C4176,14703,16126,1423,8.824258960684608
C4178,32469,33609,1140,3.3919485852003923
C4182,25142,26434,1292,4.887644700007566
C4186,4454516,4858902,404386,8.322579875041727
C4190,40624,44210,3586,8.111287039131417
C4194,2128060,2286742,158682,6.939217454352087
C4198,1254824,1396844,142020,10.167205500399472
C4202,215082,237096,22014,9.284846644397206
C4210,189284,203356,14072,6.919884340762013
C4214,110370,124600,14230,11.420545746388443
C4218,6208,6651,443,6.660652533453616
C4220,366304,420694,54390,12.928636966536247
C4222,382798,414600,31802,7.670525808007718
C4230,11394,12682,1288,10.156126793881091
C4234,355034,392082,37048,9.449043822465708
C4238,21292,22586,1294,5.729212786682016
C4242,16107,16536,429,2.5943396226415096
C4246,14765,15667,902,5.7573243122486755
C4254,473608,510410,36802,7.210281930212966
C4262,24101,25770,1669,6.476523088863019
C4266,3835344,4178818,343474,8.219405583109864
C4268,105174,116826,11652,9.973807200451954
C4270,53840,58338,4498,7.710240323631252
C4274,18850,19445,595,3.059912573926459
C4278,15155,15573,418,2.6841327939382262
C4282,11321,11374,53,0.465975030771936
C4286,23769,25483,1714,6.726052662559353
C4290,10332,10231,-101,-0.9871957775388525
C4294,47775,53663,5888,10.972178223356876
C4298,22541,22541,0,0.0
C4302,13993,14304,311,2.1742170022371363
C4306,22055,23087,1032,4.470048079005501
C4310,116860,120780,3920,3.245570458685213
C4314,34437,37269,2832,7.59880866135394
C4318,15777,18116,2339,12.911238684036212
C4322,13888,15055,1167,7.751577548987047
C4326,13256,14189,933,6.5755162449785045
C4330,95508,105416,9908,9.398952720649618
C4332,26769,28122,1353,4.811179859184979
C4334,328168,346008,17840,5.155950151441585
C4338,26217,27094,877,3.236879013803794
C4342,71072,69924,-1148,-1.6417825067215834
C4346,15552,16344,792,4.845814977973569
C4350,8535,9518,983,10.327799957974364
C4358,160804,178070,17266,9.696186892794968
C4362,310022,340866,30844,9.048717091173659
C4366,5551,6189,638,10.30861205364356
C4370,25685,26363,678,2.5717862155293405
C4374,22736,23296,560,2.403846153846154
C4376,15826,17384,1558,8.962264150943396
C4378,250494,261146,10652,4.078944345308755
C4390,311732,327664,15932,4.862297963767762
C4394,11697,13182,1485,11.265361857077833
C4398,8503,8724,221,2.5332416322787714
C4402,8805,9525,720,7.559055118110236
C4406,462110,513756,51646,10.052631988726166
C4410,246404,263498,17094,6.4873357672544
C4414,516942,539770,22828,4.229208737054671
C4418,411354,444152,32798,7.384408941083233
C4422,90152,94344,4192,4.443313830238277
C4426,19767,20134,367,1.822787324923016
C4430,124074,136180,12106,8.889704802467323
C4434,25600,27772,2172,7.820826731960248
C4442,94498,102100,7602,7.44564152791381
C4446,14855,17667,2812,15.916680817343067
C4450,16450,19038,2588,13.593864901775396
C4454,7797,7855,58,0.7383831954169319
C4458,20133,21092,959,4.546747582021619
C4462,32409,33013,604,1.8295822857662132
C4466,32299,34943,2644,7.566608476661993
C4470,514800,572636,57836,10.099958787082894
C4474,10922,11027,105,0.9522082161966084
C4478,19800,21175,1375,6.493506493506493
C4486,12980,14479,1499,10.352924925754541
C4490,4957,5098,141,2.765790506080816
C4492,28755,33585,4830,14.381420276909335
C4494,72384,72082,-302,-0.41896728725618043
C4498,25573,26508,935,3.5272370605100347
C4500,9233,9058,-175,-1.9319938176197835
C4502,6117,6075,-42,-0.6913580246913581
C4506,560154,592686,32532,5.488909810591106
C4514,16379,18143,1764,9.722758088518987
C4518,30780,33222,2442,7.3505508398049475
C4522,345516,377708,32192,8.522986010357208
C4530,2602984,2900096,297112,10.244902237719026
C4534,9393,11577,2184,18.864990930292823
C4538,9042,9324,282,3.0244530244530243
C4546,124342,129120,4778,3.7004337050805454
C4550,112224,114286,2062,1.8042454893862765
C4552,10375,10725,350,3.263403263403263
C4554,65086,80350,15264,18.996888612321094
C4558,6471,7208,737,10.224750277469479
C4562,19760,21055,1295,6.150558062218001
C4566,18650,19102,452,2.366244372317035
C4570,20956,22537,1581,7.015130674002751
C4574,8318,8787,469,5.337430294753613
C4578,561410,585928,24518,4.184473177591786
C4582,212428,227322,14894,6.551939539507836
C4586,58073,61759,3686,5.968360886672388
C4590,58388,66225,7837,11.833899584748963
C4594,505940,533830,27890,5.224509675364816
C4598,14683,15376,693,4.507023933402706
C4602,30214,35195,4981,14.152578491262963
C4606,734944,789336,54392,6.890855098462505
C4610,39893,41224,1331,3.2287017271492338
C4614,842624,907496,64872,7.148461260435307
C4618,73852,71003,-2849,-4.012506513809275
C4622,193382,211330,17948,8.4928784365684
C4630,50080,54025,3945,7.302174919018972
C4634,209000,226822,17822,7.857262523035684
C4638,29696,32017,2321,7.249273823281381
C4646,12703,14465,1762,12.181126857932941
C4650,10050,10501,451,4.294829063898677
C4652,809700,915060,105360,11.513999082027409
C4654,225376,234764,9388,3.9989095432008313
C4662,9336,9667,331,3.42401986138409
C4666,97502,110348,12846,11.641352811106682
C4670,263264,286216,22952,8.019118428040361
C4674,8546,8929,383,4.289394109082764
C4678,11194,11791,597,5.063183784242218
C4682,5558,6094,536,8.795536593370528
C4686,11953,14873,2920,19.632891817387215
C4690,5668,6047,379,6.2675706962129984
C4698,22163,22735,572,2.515944578843193
C4702,74378,78048,3670,4.702234522345224
C4708,13627,13993,366,2.6155935110412347
C4718,17256,17334,78,0.4499826929733472
C4722,112866,119792,6926,5.78168825965006
C4724,7449,8104,655,8.082428430404738
C4726,1346775,1509056,162281,10.753809003774546
C4730,310604,352058,41454,11.774764385413768
C4734,11379,12568,1189,9.46053469127944
C4738,234084,254014,19930,7.846024234884691
C4742,9026,9593,567,5.910559783175232
C4746,55024,60410,5386,8.915742426750537
C4754,20583,22037,1454,6.597994282343332
C4758,149706,156930,7224,4.603326323838655
C4762,13174,13060,-114,-0.8728943338437979
C4766,15772,16127,355,2.201277360947479
C4770,36603,36759,156,0.4243858646861993
C4778,12170,13035,865,6.635980053701572
C4782,15790,15525,-265,-1.706924315619968
C4790,5676067,6050374,374307,6.186510123175856
C4792,10918,10925,7,0.06407322654462243
C4794,169136,161492,-7644,-4.733361404899314
C4798,15863,17276,1413,8.178976614957167
C4802,33153,33904,751,2.2150778669183575
C4806,75448,78972,3524,4.462341082915463
C4810,6940,7659,719,9.387648518083301
C4814,138570,141708,3138,2.2144127360487764
C4818,19242,19493,251,1.2876417175396295
C4822,12014,12480,466,3.733974358974359
C4826,70868,73044,2176,2.9790263402880455
C4830,99512,110780,11268,10.1715111030872
C4846,14862,15610,748,4.791800128122998
C4854,113554,118042,4488,3.802036563257146
C4858,40242,43372,3130,7.216637461957023
C4862,566632,619046,52414,8.466899067274483
C4866,110598,115440,4842,4.1943866943866945
C4870,95322,99418,4096,4.119978273552073
C4878,22142,26781,4639,17.321982002165715
C4882,22975,22938,-37,-0.1613043857354608
C4890,257812,288922,31110,10.76761201985311
C4894,17620,19304,1684,8.723580605055947
C4898,36241,36357,116,0.3190582281266331
C4902,126272,137594,11322,8.22855647775339
C4908,7719,7722,3,0.03885003885003885
C4910,22343,23913,1570,6.5654664826663325
C4918,520724,546992,26268,4.802264018486559
C4922,36185,36504,319,0.873876835415297
C4926,7741,8349,608,7.282309258593845
C4930,45775,48470,2695,5.560140292964721
C4934,685799,397360,-288439,-72.58883631971008
C4938,10386,9921,-465,-4.68702751738736
C4942,207130,222640,15510,6.966403162055336
C4946,12231,13185,954,7.235494880546075
C4962,344480,370936,26456,7.132227661914723
C4966,383618,407544,23926,5.870777143081483
C4970,97412,105748,8336,7.88289140220146
C4974,147394,159864,12470,7.8003803232747835
C4978,33420,35597,2177,6.11568390594713
C4982,2677,2847,170,5.97119775201967
CS104,518992,550562,31570,5.734140750723806
CS106,454272,512775,58503,11.40909755740822
CS108,123212,130846,7634,5.834339605337573
CS118,210026,217849,7823,3.591019467612888
CS120,196687,215907,19220,8.901980945499682
CS122,2903885,3211913,308028,9.590172585621094
CS140,87970,99747,11777,11.806871384603046
CS142,544185,581491,37306,6.4155765093526815
CS144,80900,86161,5261,6.106010840171307
CS145,95120,109147,14027,12.851475532996783
CS146,96115,100517,4402,4.379358715441169
CS147,366777,412295,45518,11.040153288300852
CS148,3924704,4227248,302544,7.156996703292544
CS150,88729,97832,9103,9.30472646986671
CS154,144559,161107,16548,10.27143451246687
CS160,518214,562949,44735,7.94654577945782
CS162,416565,475697,59132,12.430601832679205
CS164,58785,61513,2728,4.434834912945231
CS168,223532,231225,7693,3.3270623851227157
CS170,251214,271007,19793,7.303501385573067
CS172,1265386,1403111,137725,9.815688138714613
CS174,399856,426603,26747,6.2697636913008115
CS176,4332050,4680126,348076,7.43732113195243
CS178,1048623,1118887,70264,6.279811991738218
CS184,1541484,1609995,68511,4.255354830294504
CS185,18221,19391,1170,6.033726986746428
CS188,22654,24268,1614,6.650733476182627
CS190,111172,117447,6275,5.3428354917537275
CS192,411503,437842,26339,6.015640345147336
CS194,182154,192431,10277,5.340615597279025
CS198,1173909,1243770,69861,5.616874502520562
CS204,202063,221396,19333,8.73231675369022
CS206,3732087,4198748,466661,11.114289307193477
CS209,211529,221199,9670,4.371629166497136
CS212,458892,477376,18484,3.8720002681324575
CS216,1732001,1932068,200067,10.355070318435997
CS217,20315,21644,1329,6.140269820735539
CS218,422108,458287,36179,7.89439805187579
CS220,2171589,2349589,178000,7.57579304295347
CS221,32617,33738,1121,3.322662872725117
CS222,90476,95841,5365,5.597813044521656
CS232,97025,102923,5898,5.730497556425678
CS233,75012,83534,8522,10.20183398376709
CS236,67331,69211,1880,2.7163312190258773
CS238,373591,412303,38712,9.389211332442402
CS240,139642,148136,8494,5.73392018145488
CS244,144066,157239,13173,8.37769255719001
CS246,174685,185302,10617,5.729565789899731
CS248,63056,63640,584,0.9176618478944061
CS258,289684,306030,16346,5.34130640786851
CS260,426187,477226,51039,10.694932799135001
CS264,159190,168742,9552,5.660712804162568
CS266,641568,718355,76787,10.68928315387239
CS267,181361,188303,6942,3.686611471936188
CS268,695873,731506,35633,4.871183558303008
CS273,630347,671662,41315,6.151159362893837
CS274,91490,97718,6228,6.373441945189217
CS276,570074,609603,39529,6.484384099159617
CS277,109324,118173,8849,7.488174117607237
CS278,700574,737236,36662,4.972898773255782
CS280,165109,171348,6239,3.641127996825175
CS284,44245,46397,2152,4.638230920102593
CS288,2964349,3330029,365680,10.98128574856255
CS290,324669,362147,37478,10.348836246054779
CS292,106295,117432,11137,9.483786361468765
CS294,1170168,1273298,103130,8.09943940852809
CS296,62535,64846,2311,3.563828146685995
CS298,285277,292036,6759,2.3144406853949513
CS300,721568,791672,70104,8.855182449297184
CS304,189476,201123,11647,5.790983626934762
CS306,69181,71237,2056,2.886140629167427
CS308,72300,76201,3901,5.1193553890368895
CS309,88472,94163,5691,6.0437751558467765
CS310,201328,216666,15338,7.079098704919091
CS312,1149870,1226198,76328,6.224769572287673
CS314,484596,531426,46830,8.812139413577807
CS316,44941,44269,-672,-1.517992274503603
CS318,230234,243676,13442,5.516341371329142
CS320,101546,113057,11511,10.181589817525673
CS330,209656,232992,23336,10.015794533717896
CS332,964908,1190381,225473,18.941246542073504
CS336,344875,379724,34849,9.177455204306286
CS338,100237,103982,3745,3.6015848896924467
CS339,180281,190135,9854,5.182633392063534
CS340,382019,411159,29140,7.087282535466814
CS346,112162,118763,6601,5.558128373314921
CS348,7449320,8232037,782717,9.508181267892745
CS350,708733,763346,54613,7.154422765037087
CS352,152741,165117,12376,7.495291217742571
CS356,169862,174070,4208,2.4174182800022983
CS357,474473,510915,36442,7.132693305148606
CS358,49729,52842,3113,5.891147193520306
CS359,64903,68996,4093,5.932227955243782
CS360,78811,80121,1310,1.6350270216297849
CS362,23678,25538,1860,7.283264155376303
CS364,52586,57858,5272,9.111963773376196
CS365,276380,308102,31722,10.295940954618924
CS366,114534,122131,7597,6.220369930648238
CS368,622476,634882,12406,1.9540639047886066
CS370,2678069,3058442,380373,12.436822408271924
CS372,159339,197550,38211,19.342444950645408
CS376,967136,1009335,42199,4.180871563950522
CS378,1941095,2099532,158437,7.546300794653285
CS380,240169,255372,15203,5.953276005200257
CS382,259153,278000,18847,6.779496402877698
CS384,97017,99292,2275,2.291221850702977
CS390,78177,84142,5965,7.089206341660527
CS393,43539,49332,5793,11.742884942836293
CS394,37793,39400,1607,4.0786802030456855
CS396,178767,205423,26656,12.976151648062778
CS400,1021374,1151028,129654,11.264191661714571
CS404,66712,71783,5071,7.064346711616956
CS406,569883,611036,41153,6.734955059931003
CS408,10233561,11344089,1110528,9.789485960485676
CS412,355398,403432,48034,11.906343572150945
CS416,629911,694385,64474,9.28505080034851
CS420,487666,512845,25179,4.9096705632306055
CS422,1397872,1658626,260754,15.721084801516435
CS424,56314,61607,5293,8.591556154333112
CS425,57924,61947,4023,6.494261223303792
CS426,163014,174859,11845,6.774029360799272
CS428,3092552,3346988,254436,7.601939415378841
CS430,1127301,1170193,42892,3.665378275207594
CS434,80456,87736,7280,8.297620133126653
CS438,312181,331685,19504,5.8802779745843194
CS440,1410240,1544954,134714,8.719612363863261
CS444,73737,77292,3555,4.5994410805775505
CS446,30267,34224,3957,11.562061711079943
CS448,50336,51460,1124,2.1842207539836767
CS450,1028190,1160248,132058,11.381876978025387
CS452,77135,84836,7701,9.077514262812956
CS454,83549,89376,5827,6.519647332617258
CS456,296715,326438,29723,9.105251226879224
CS458,34999,35547,548,1.5416209525417053
CS462,129685,138192,8507,6.1559279842537915
CS464,501682,533953,32271,6.043790371062622
CS466,163408,169846,6438,3.7904925638519598
CS468,111376,112303,927,0.8254454466933207
CS470,43507,49618,6111,12.316094965536701
CS472,1054048,1157958,103910,8.973555172121959
CS474,141511,152452,10941,7.176685120562537
CS476,1305839,1372008,66169,4.822785289881692
CS482,1326896,1456841,129945,8.919641882676284
CS488,4033281,4387053,353772,8.064001050363421
CS490,681029,758216,77187,10.180080610274644
CS496,222438,244792,22354,9.131834373672342
CS500,2219965,2424215,204250,8.425407812425878
CS512,90785,95129,4344,4.566430846534705
CS515,330640,338923,8283,2.4439179400630824
CS518,294870,326929,32059,9.806104689397392
CS520,238371,257860,19489,7.557977196928565
CS521,283780,296148,12368,4.1762902332617475
CS522,154975,163723,8748,5.343171087751874
CS524,90616,97487,6871,7.048119236411009
CS525,19354,22523,3169,14.070061714691647
CS532,303930,321323,17393,5.41293340346007
CS533,180831,197106,16275,8.256978478585127
CS534,292684,306004,13320,4.352884276022536
CS536,381003,408954,27951,6.834754031015714
CS538,485306,519149,33843,6.518937723081428
CS540,118700,128310,9610,7.489673447120255
CS544,50033,52653,2620,4.975974778265247
CS545,756875,794046,37171,4.6812149422073785
CS546,202405,226731,24326,10.729013677000498
CS548,4556735,4848263,291528,6.013040134167639
CS554,147871,150543,2672,1.7749081657732342
CS556,296704,322814,26110,8.08824896070183
CS558,59898,62252,2354,3.7814046135063935
CS566,220172,231986,11814,5.092548688282913
US000,441358757,484560799,43202042,8.915711318199309
USCMS,107618408,117423626,9805218,8.350294003014351
USMSA,121749014,133083388,11334374,8.516745906709259
USNMS,19251242,21931077,2679835,12.219349738273227
