area_fips,2020,2023,difference,percentage_of_2023
01000,4318867,4591025,272158,5.928044390958446
01001,22154,24274,2120,8.73362445414847
01003,148596,165450,16854,10.186763372620126
01005,16282,15318,-964,-6.293249771510641
01007,9680,9702,22,0.22675736961451248
01009,17092,17910,818,4.567280848687884
01011,5928,5728,-200,-3.4916201117318435
01013,13632,13872,240,1.7301038062283738
01015,88656,85960,-2696,-3.136342484876687
01017,17088,17858,770,4.3117930339343715
01019,10196,10528,332,3.1534954407294835
01021,18892,18176,-716,-3.939260563380282
01023,6880,6678,-202,-3.024857741838874
01025,16084,16442,358,2.177350687264323
01027,8716,8520,-196,-2.3004694835680755
01029,4220,5346,1126,21.062476618032175
01031,32438,34394,1956,5.687038436936675
01033,47490,48082,592,1.2312299821138888
01035,6724,6636,-88,-1.3261000602772754
01037,2796,3000,204,6.800000000000001
01039,23856,24218,362,1.494755966636386
01041,7168,7236,68,0.9397457158651189
01043,57626,61722,4096,6.636207511098149
01045,34254,36210,1956,5.40182270091135
01047,23958,22748,-1210,-5.319148936170213
01049,44400,46558,2158,4.635078826410069
01051,39412,41568,2156,5.186682063125481
01053,25440,25916,476,1.8367031949374903
01055,69132,65950,-3182,-4.824867323730098
01057,7946,7628,-318,-4.16885159937074
01059,21998,21654,-344,-1.588621039992611
01061,10112,10834,722,6.664205279675096
01063,3798,3744,-54,-1.4423076923076923
01065,5320,5288,-32,-0.6051437216338881
01067,7084,8034,950,11.824744834453572
01069,97452,102210,4758,4.655121808042266
01071,30238,31334,1096,3.497797919193209
01073,702216,734924,32708,4.450528217883754
01075,6814,6944,130,1.8721198156682026
01077,58528,62308,3780,6.066636707966874
01079,10006,11336,1330,11.732533521524347
01081,119476,134398,14922,11.102843792318339
01083,47714,66566,18852,28.320764354174806
01085,4348,5996,1648,27.484989993328885
01087,9526,9486,-40,-0.421674045962471
01089,417216,459808,42592,9.262996729069526
01091,14630,14826,196,1.3220018885741265
01093,20446,21706,1260,5.804846586197365
01095,75794,81832,6038,7.37853162576987
01097,341922,345294,3372,0.9765591061530174
01099,12644,11866,-778,-6.556548120680937
01101,258582,267238,8656,3.2390603132788
01103,100352,104752,4400,4.200397128455782
01105,4006,3608,-398,-11.031042128603104
01107,7482,7672,190,2.4765380604796663
01109,25777,30752,4975,16.17780957336108
01111,9440,9894,454,4.588639579543157
01113,28082,28580,498,1.7424772568229532
01115,38980,43398,4418,10.180192635605327
01117,168492,173396,4904,2.8282082631663936
01119,5786,5860,74,1.2627986348122866
01121,60660,63444,2784,4.3881218082088145
01123,25792,25480,-312,-1.2244897959183674
01125,195026,198370,3344,1.6857387709835157
01127,36024,37310,1286,3.4467971053336903
01129,7080,12098,5018,41.47793023640271
01131,5534,5252,-282,-5.36938309215537
01133,16452,16040,-412,-2.56857855361596
01999,110622,168744,58122,34.443891338358696
02000,688351,701318,12967,1.8489472678585177
02013,4112,1628,-2484,-152.57985257985257
02016,7218,4130,-3088,-74.76997578692493
02020,268745,289846,21101,7.280072866280715
02050,14056,12562,-1494,-11.893010667091227
02060,990,1182,192,16.243654822335024
02063,5590,6384,794,12.43734335839599
02066,1656,1868,212,11.349036402569594
02068,1654,1878,224,11.92758253461129
02070,3952,3754,-198,-5.27437400106553
02090,70794,72392,1598,2.2074262349430875
02100,1342,1590,248,15.59748427672956
02105,1224,1446,222,15.352697095435685
02110,32204,32298,94,0.291039692860239
02122,36270,39558,3288,8.311845897163659
02130,12292,12826,534,4.163418057071573
02150,10080,9348,-732,-7.830551989730424
02158,4006,4054,48,1.1840157868771584
02164,965,1372,407,29.664723032069972
02170,48646,56572,7926,14.010464540762216
02180,7600,7676,76,0.9900990099009901
02185,26832,22274,-4558,-20.463320463320464
02188,5714,5740,26,0.45296167247386765
02195,2270,2184,-86,-3.9377289377289375
02198,4074,3994,-80,-2.0030045067601403
02220,6954,7574,620,8.185899128597834
02230,669,976,307,31.454918032786882
02240,4662,6232,1570,25.19255455712452
02275,1490,1456,-34,-2.3351648351648353
02282,420,562,142,25.26690391459075
02290,4050,4418,368,8.329560887279312
02999,2800,6584,3784,57.4726609963548
04000,6335598,6883314,547716,7.9571555213084855
04001,35904,34172,-1732,-5.068477115767295
04003,70330,69924,-406,-0.5806303987186088
04005,121510,130322,8812,6.761713294762204
04007,28832,30232,1400,4.630854723471818
04009,19286,21402,2116,9.886926455471452
04011,10362,11166,804,7.2004298764105314
04012,12168,12582,414,3.290414878397711
04013,4201908,4564432,362524,7.942368294675001
04015,103930,111650,7720,6.914464845499328
04017,52668,56244,3576,6.358011521228931
04019,760936,789336,28400,3.5979608176999403
04021,130002,149758,19756,13.191949678815154
04023,28360,28572,212,0.7419851602967941
04025,131492,141596,10104,7.135794796463177
04027,156478,159864,3386,2.1180503427913724
04999,67394,158086,90692,57.36877395847829
05000,2627814,2799450,171636,6.131061458500777
05001,20516,20590,74,0.35939776590577954
05003,11936,11734,-202,-1.7214930969831261
05005,29868,32210,2342,7.27103384042223
05007,251630,282292,30662,10.861802672410128
05009,28210,29250,1040,3.5555555555555554
05011,7656,7428,-228,-3.0694668820678515
05013,6338,6182,-156,-2.5234551924943385
05015,21206,21110,-96,-0.4547607768829938
05017,5712,5466,-246,-4.500548847420418
05019,18000,17464,-536,-3.0691708657810355
05021,5984,6024,40,0.6640106241699867
05023,12482,12964,482,3.7179882752236963
05025,2164,2186,22,1.0064043915827996
05027,16090,16534,444,2.685375589693964
05029,13232,13514,282,2.0867248779043956
05031,105210,109928,4718,4.291900152827305
05033,39612,38988,-624,-1.600492459218221
05035,32608,31662,-946,-2.987808729707536
05037,9556,9542,-14,-0.1467197652483756
05039,5220,5216,-4,-0.07668711656441718
05041,9284,8782,-502,-5.716237759052607
05043,12986,12682,-304,-2.3970982494874624
05045,82552,90798,8246,9.08169783475407
05047,9534,9850,316,3.2081218274111674
05049,4250,3692,-558,-15.113759479956663
05051,74698,76576,1878,2.452465524446302
05053,8382,8964,582,6.492637215528782
05055,30442,31988,1546,4.8330623983994
05057,15154,15476,322,2.0806409925045233
05059,17062,16218,-844,-5.204094216302874
05061,12972,12502,-470,-3.7593984962406015
05063,32586,35034,2448,6.987497859222469
05065,5846,6008,162,2.6964047936085223
05067,10202,10100,-102,-1.00990099009901
05069,53542,51634,-1908,-3.695239570825425
05071,17018,16568,-450,-2.7160791887976825
05073,2214,1976,-238,-12.044534412955466
05075,7786,8166,380,4.6534410972324265
05077,2860,3394,534,15.733647613435476
05079,5418,5200,-218,-4.1923076923076925
05081,6770,6148,-622,-10.117111255692908
05083,10566,10402,-164,-1.5766198807921554
05085,27646,30564,2918,9.547179688522444
05087,6904,7142,238,3.332399887986558
05089,7408,6616,-792,-11.970979443772672
05091,26640,24930,-1710,-6.859205776173286
05093,35366,37186,1820,4.894315064809337
05095,3940,3650,-290,-7.9452054794520555
05097,2376,2500,124,4.96
05099,4996,3802,-1194,-31.404523934771174
05101,1108,1966,858,43.641912512716175
05103,13430,14550,1120,7.697594501718213
05105,2246,2072,-174,-8.397683397683398
05107,10430,9076,-1354,-14.918466284706918
05109,5204,5252,48,0.913937547600914
05111,9964,10486,522,4.978065992752241
05113,11650,11802,152,1.2879173021521777
05115,49882,54562,4680,8.577398189215938
05117,2970,3184,214,6.721105527638191
05119,498926,524448,25522,4.866450057965708
05121,11788,11918,130,1.0907870448061756
05123,14384,13524,-860,-6.359065365276545
05125,49982,54912,4930,8.978001165501166
05127,6236,6456,220,3.407682775712516
05129,2894,2780,-114,-4.100719424460432
05131,127084,135606,8522,6.284382696930814
05133,9452,10064,612,6.081081081081082
05135,6956,7962,1006,12.63501632755589
05137,4958,5426,468,8.625138223368964
05139,33904,33410,-494,-1.4785992217898831
05141,6734,7602,868,11.41804788213628
05143,221402,242272,20870,8.614284770836084
05145,48012,51540,3528,6.845168800931316
05147,3508,3914,406,10.37301992846193
05149,13040,13272,232,1.7480409885473176
05999,35294,120466,85172,70.7021068185214
06000,37761762,38888644,1126882,2.8977148187527444
06001,1583156,1601882,18726,1.168999963792589
06003,1828,2600,772,29.69230769230769
06005,24740,24778,38,0.15336185325692148
06007,158578,157408,-1170,-0.7432913193738564
06009,19856,20326,470,2.312309357473187
06011,16244,18330,2086,11.38025095471904
06013,740964,747426,6462,0.8645671946119081
06015,16330,16094,-236,-1.4663849881943583
06017,113882,116742,2860,2.4498466704356616
06019,786340,841340,55000,6.5371906720232005
06021,18372,18714,342,1.827508816928503
06023,99568,101466,1898,1.8705773362505667
06025,128792,129644,852,0.6571842892845021
06027,15184,15312,128,0.8359456635318705
06029,659890,686730,26840,3.908377382668589
06031,96016,101404,5388,5.313399865883003
06033,32434,33186,752,2.2660157897908757
06035,18418,18116,-302,-1.6670346654890704
06037,9019226,9090550,71324,0.7845949915021643
06039,103366,113112,9746,8.616238772190396
06041,229808,224468,-5340,-2.3789582479462554
06043,10878,11552,674,5.834487534626039
06045,63714,64034,320,0.4997345160383546
06047,157132,164718,7586,4.605446884979177
06049,4772,5220,448,8.582375478927203
06051,16638,16038,-600,-3.7411148522259636
06053,349624,355042,5418,1.5260166402848114
06055,151080,151654,574,0.3784931488783678
06057,65806,70390,4584,6.512288677368945
06059,3303298,3338142,34844,1.0438141936442487
06061,347862,369400,21538,5.830536004331348
06063,11770,12256,486,3.965404699738903
06065,1550884,1653800,102916,6.223001572136897
06067,1373420,1436632,63212,4.400013364591628
06069,32348,33824,1476,4.363765373699149
06071,1582058,1716768,134710,7.846721280918563
06073,2975674,3086052,110378,3.576673367785118
06075,1520984,1439948,-81036,-5.627703222616373
06077,517820,572636,54816,9.572573152927863
06079,236356,237096,740,0.3121098626716604
06081,836426,845178,8752,1.0355215114449263
06083,409624,420694,11070,2.631366266217251
06085,2252176,2252918,742,0.0329350646583675
06087,202604,203356,752,0.36979484254214284
06089,133776,138512,4736,3.4191983366062146
06091,1024,1154,130,11.265164644714037
06093,26918,27356,438,1.6011112735780084
06095,283420,286216,2796,0.9768845906588032
06097,417916,414600,-3316,-0.7998070429329475
06099,380442,391282,10840,2.77038044172745
06101,60872,64056,3184,4.970650680654427
06103,37596,40240,2644,6.570576540755467
06105,5128,5568,440,7.902298850574713
06107,324398,352058,27660,7.85665998216203
06109,34310,34768,458,1.3173032673722964
06111,657010,664814,7804,1.1738621629508403
06113,210114,217004,6890,3.175056680982839
06115,38476,41692,3216,7.713710064280916
06999,750124,1076698,326574,30.331067764591367
08000,5898340,6297790,399450,6.342701169775429
08001,453868,499224,45356,9.085300386199382
08003,16158,16420,262,1.5956151035322779
08005,664070,684098,20028,2.927650716710179
08007,8340,9626,1286,13.359650945356327
08009,2212,2398,186,7.756463719766472
08011,2258,2354,96,4.078164825828377
08013,346570,392970,46400,11.807517113265643
08014,80451,87168,6717,7.705809471365639
08015,15702,18950,3248,17.139841688654354
08017,1124,1474,350,23.7449118046133
08019,6880,7012,132,1.8824871648602397
08021,2343,3358,1015,30.2263251935676
08023,1860,2052,192,9.35672514619883
08025,1714,2410,696,28.879668049792528
08027,1602,1972,370,18.76267748478702
08029,16554,17750,1196,6.738028169014084
08031,1062342,1142712,80370,7.0332682250645835
08033,816,1176,360,30.612244897959183
08035,261328,292748,31420,10.732780411821771
08037,73536,73122,-414,-0.5661770739312382
08039,7396,9748,2352,24.12802626179729
08041,569098,624540,55442,8.877253658692798
08043,26484,28622,2138,7.469778492069038
08045,50362,55084,4722,8.572362210442233
08047,9026,9174,148,1.6132548506649227
08049,16352,17544,1192,6.794345645234838
08051,17714,19606,1892,9.650107110068348
08053,246,568,322,56.690140845070424
08055,3424,3592,168,4.67706013363029
08057,1054,1142,88,7.705779334500876
08059,485928,497392,11464,2.30482195129797
08061,747,984,237,24.085365853658537
08063,5776,6216,440,7.078507078507079
08065,5070,5666,596,10.518884574655841
08067,51304,55110,3806,6.906187624750499
08069,327218,353892,26674,7.5373277723147165
08071,9752,9564,-188,-1.9657047260560434
08073,4390,4520,130,2.8761061946902653
08075,15560,15710,150,0.9548058561425843
08077,124224,132948,8724,6.5619640761801605
08079,1384,1458,74,5.075445816186557
08081,9074,9712,638,6.569192751235585
08083,17634,18834,1200,6.371455877668048
08085,30598,33834,3236,9.564343559732812
08087,25300,25756,456,1.7704612517471658
08089,11972,12384,412,3.3268733850129197
08091,3732,4520,788,17.43362831858407
08093,4844,6150,1306,21.23577235772358
08095,3342,3454,112,3.242617255356109
08097,35794,38862,3068,7.894601410117853
08099,9044,9904,860,8.683360258481422
08101,125174,125962,788,0.6255854940378844
08103,5554,5824,270,4.635989010989011
08105,7790,8646,856,9.90053203793662
08107,33334,35334,2000,5.660270560932813
08109,3028,3320,292,8.795180722891565
08111,524,736,212,28.804347826086957
08113,12496,13208,712,5.390672319806178
08115,1594,1442,-152,-10.540915395284326
08117,50480,49932,-548,-1.0974925899222943
08119,14534,16642,2108,12.66674678524216
08121,1940,2414,474,19.63545981772991
08123,226832,235740,8908,3.7787392890472553
08125,7794,8058,264,3.276247207743857
08999,20717,56984,36267,63.64418082268707
09000,3532548,3609907,77359,2.1429637938041064
09001,820412,842410,21998,2.6113175294690234
09003,1022976,1011056,-11920,-1.1789653589909954
09005,113226,123518,10292,8.33238880163215
09007,134732,141136,6404,4.537467407323432
09009,732992,762948,29956,3.9263488468414627
09011,238434,239430,996,0.4159879714321513
09013,80410,50133,-30277,-60.39335367921329
09015,69817,40830,-28987,-70.99436688709282
09999,76447,51966,-24481,-47.109648616403035
10000,953012,1014200,61188,6.033129560244528
10001,80949,85227,4278,5.0195360625153995
10003,580948,608422,27474,4.515615806134558
10005,150534,170342,19808,11.628371159197378
10999,7219,8628,1409,16.330551692165045
11000,1787940,1755440,-32500,-1.8513876862780843
11001,1551044,1521854,-29190,-1.9180552142321141
11999,128,108,-20,-18.51851851851852
12000,19065455,20898218,1832763,8.769948710459428
12001,268740,279996,11256,4.020057429391848
12003,15264,14810,-454,-3.0654962862930453
12005,146468,160650,14182,8.827886710239651
12007,10650,12854,2204,17.146413567761005
12009,447540,484916,37376,7.707726699057156
12011,1658242,1750990,92748,5.296889188401989
12013,5878,6334,456,7.199242185033154
12015,99662,112580,12918,11.474507017232192
12017,64588,69880,5292,7.572982255294791
12019,107306,114660,7354,6.413744985173557
12021,317116,347194,30078,8.663168142306606
12023,49518,49916,398,0.7973395304110906
12027,19338,19644,306,1.5577275503970678
12029,5578,5988,410,6.847027388109553
12031,1055142,1134640,79498,7.006451385461468
12033,278042,292702,14660,5.00850694563071
12035,49060,56522,7462,13.201939067973534
12037,6492,6910,418,6.049204052098408
12039,30858,34412,3554,10.32779263047774
12041,7142,7572,430,5.678816693079767
12043,4164,3978,-186,-4.675716440422323
12045,7676,9002,1326,14.73005998666963
12047,5856,5962,106,1.7779268701777928
12049,14042,15318,1276,8.330069199634417
12051,24910,25552,642,2.5125234815278645
12053,90266,102092,11826,11.583669631312933
12055,54668,58338,3670,6.290925297404779
12057,1438646,1595682,157036,9.841309233293352
12059,7018,7436,418,5.621301775147929
12061,109060,116826,7766,6.647492852618424
12063,29318,30438,1120,3.679611012550102
12065,5204,5966,762,12.772376801877305
12067,2794,2696,-98,-3.635014836795252
12069,207922,236024,28102,11.906416296647798
12071,551514,604200,52686,8.719960278053625
12073,305614,324148,18534,5.717758554734257
12075,17814,18724,910,4.860072634052552
12077,3906,3748,-158,-4.215581643543223
12079,9200,9878,678,6.863737598704191
12081,267400,289608,22208,7.668296455899008
12083,215970,239844,23874,9.95397008055236
12085,141320,154528,13208,8.547318285359287
12086,2349232,2534722,185490,7.317962285410393
12087,84610,94110,9500,10.094570183827436
12089,47886,54900,7014,12.775956284153006
12091,169966,179990,10024,5.569198288793822
12093,23268,24822,1554,6.260575296108291
12095,1747400,1910456,163056,8.534925693132948
12097,202734,226084,23350,10.32801967410343
12099,1248474,1353378,104904,7.751271263460763
12101,248504,288900,40396,13.98269297334718
12103,880646,913422,32776,3.5882647888927575
12105,466764,528982,62218,11.761836886699358
12107,32252,34980,2728,7.79874213836478
12109,162240,198140,35900,18.11850206924397
12111,163052,181618,18566,10.222555033091433
12113,79218,87742,8524,9.7148457979075
12115,347246,385032,37786,9.813729767915394
12117,400068,428588,28520,6.654409362837971
12119,65172,80350,15178,18.889856876166768
12121,22926,24036,1110,4.618072890664004
12123,12856,13158,302,2.2951816385468917
12125,4886,7014,2128,30.33932135728543
12127,351798,379228,27430,7.233115698207938
12129,11842,13182,1340,10.165377029282356
12131,54480,67570,13090,19.372502589906762
12133,12360,12464,104,0.8344030808729139
12999,608644,928812,320168,34.47070020628502
13000,9685573,10426892,741319,7.109683307355634
13001,14256,14960,704,4.705882352941177
13003,4494,4522,28,0.6191950464396285
13005,7448,7650,202,2.6405228758169934
13007,749,854,105,12.295081967213115
13009,31408,31700,292,0.9211356466876972
13011,8616,9804,1188,12.11750305997552
13013,41936,46690,4754,10.182051831227243
13015,83254,92022,8768,9.528156310447502
13017,11074,11702,628,5.366603999316356
13019,6836,7594,758,9.981564392941795
13021,166542,161080,-5462,-3.390861683635461
13023,4203,5938,1735,29.21859211855844
13025,5066,5204,138,2.651806302843966
13027,6660,6672,12,0.1798561151079137
13029,18064,22122,4058,18.343730223307116
13031,51828,55544,3716,6.690191559844448
13033,29974,14940,-15034,-100.62918340026773
13035,14710,16854,2144,12.721015782603537
13037,1690,2502,812,32.454036770583535
13039,28858,31214,2356,7.547895175241878
13043,6404,7226,822,11.375588153888735
13045,83646,89952,6306,7.010405549626468
13047,31640,32342,702,2.1705522231154535
13049,3960,3942,-18,-0.45662100456621
13051,319010,343312,24302,7.078692268257446
13053,4278,4754,476,10.012620950778292
13055,11156,10196,-960,-9.415457041977247
13057,133146,147462,14316,9.708263823900394
13059,140480,149290,8810,5.9012659923638555
13061,1268,1216,-52,-4.276315789473684
13063,246080,265718,19638,7.390541852640769
13065,4440,5098,658,12.907022361710474
13067,744380,775534,31154,4.0171030541536545
13069,34428,36256,1828,5.041924095322154
13071,30026,31170,1144,3.670195700994546
13073,74788,78516,3728,4.748076825105711
13075,8712,9454,742,7.848529722868627
13077,81388,98910,17522,17.715094530381155
13079,2490,2448,-42,-1.715686274509804
13081,16412,18094,1682,9.295899193102686
13083,7528,8678,1150,13.251901359760312
13085,18406,21644,3238,14.960266124561079
13087,16332,16504,172,1.0421715947649055
13089,605748,632634,26886,4.249850624531719
13091,9690,10152,462,4.550827423167849
13093,7310,5294,-2016,-38.08084624102758
13095,96566,92074,-4492,-4.878684536351196
13097,88446,103484,15038,14.53171504773685
13099,8422,7436,-986,-13.259817105970953
13101,920,1350,430,31.851851851851855
13103,21422,26648,5226,19.61122785950165
13105,11668,12466,798,6.401411840205358
13107,13390,14634,1244,8.500751674183409
13109,8792,8788,-4,-0.04551661356395084
13111,12796,14392,1596,11.089494163424124
13113,91126,99730,8604,8.627293692971023
13115,78812,89040,10228,11.486972147349505
13117,153518,174062,20544,11.802690995162642
13119,15794,15800,6,0.0379746835443038
13121,1811954,1901112,89158,4.689781559424168
13123,14208,15668,1460,9.318355884605566
13125,618,774,156,20.155038759689923
13127,75526,82680,7154,8.652636671504595
13129,47128,49698,2570,5.171234254899593
13131,11954,11838,-116,-0.9798952525764487
13133,12714,14050,1336,9.508896797153026
13135,724810,771416,46606,6.041616974498844
13137,28230,28982,752,2.594713960389207
13139,180426,204448,24022,11.749686961965878
13141,2952,2850,-102,-3.578947368421052
13143,14000,15180,1180,7.7733860342556
13145,10288,13712,3424,24.970828471411902
13147,13266,15750,2484,15.771428571428572
13149,4084,4300,216,5.023255813953488
13151,134498,151604,17106,11.283343447402443
13153,125200,130222,5022,3.8564912226812673
13155,3954,4112,158,3.842412451361868
13157,63734,98208,34474,35.10304659498208
13159,4638,5048,410,8.12202852614897
13161,8606,8644,38,0.4396112910689496
13163,9626,9962,336,3.3728167034731986
13165,2722,3072,350,11.393229166666668
13167,2422,2822,400,14.174344436569807
13169,8298,8150,-148,-1.815950920245399
13171,7480,9232,1752,18.977469670710573
13173,2822,2888,66,2.285318559556787
13175,36418,40076,3658,9.127657450843397
13177,13902,15232,1330,8.731617647058822
13179,38292,39222,930,2.371118249961756
13181,2610,2854,244,8.549404344779257
13183,1298,2736,1438,52.55847953216374
13185,99622,99438,-184,-0.18503992437498742
13187,12834,16864,4030,23.897058823529413
13189,13670,14534,864,5.944681436631347
13191,3386,3476,90,2.5891829689298045
13193,5400,5750,350,6.086956521739131
13195,7220,7832,612,7.814096016343207
13197,2254,2614,360,13.771996939556235
13199,8808,9326,518,5.554364143255415
13201,3394,3780,386,10.211640211640212
13205,13634,13334,-300,-2.2498875056247187
13207,15288,16196,908,5.6063225487774755
13209,2996,3034,38,1.2524719841793013
13211,14258,17286,3028,17.517065833622585
13213,15220,16540,1320,7.980652962515116
13215,189106,182946,-6160,-3.367113793141145
13217,51380,51264,-116,-0.2262796504369538
13219,28036,29918,1882,6.290527441673908
13221,3790,4098,308,7.515861395802831
13223,50676,60050,9374,15.610324729392172
13225,19972,21094,1122,5.3190480705413865
13227,15658,17866,2208,12.358670099630583
13229,8452,9452,1000,10.579771476936099
13231,6042,6884,842,12.231260894828589
13233,22800,22736,-64,-0.28149190710767064
13235,5536,5614,78,1.389383683648023
13237,11294,12778,1484,11.613711065894506
13239,566,616,50,8.116883116883116
13241,10472,11612,1140,9.817430244574577
13243,3892,3568,-324,-9.080717488789238
13245,208534,208752,218,0.10443013719629032
13247,65900,72858,6958,9.550083724505203
13249,1669,2272,603,26.54049295774648
13251,6214,5820,-394,-6.769759450171821
13253,4894,5096,202,3.9638932496075356
13255,45640,47438,1798,3.7902103798642437
13257,17220,17574,354,2.0143393649709798
13259,2938,3350,412,12.298507462686567
13261,21422,20992,-430,-2.0483993902439024
13263,1542,1676,134,7.995226730310262
13265,289,436,147,33.715596330275226
13267,11532,11596,64,0.5519144532597448
13269,3036,3286,250,7.608034083992695
13271,4668,4158,-510,-12.265512265512266
13273,4118,4466,348,7.792207792207792
13275,40104,42110,2006,4.763714082165756
13277,42146,45074,2928,6.495984381239738
13279,24506,24952,446,1.7874318691888424
13281,6514,6920,406,5.867052023121387
13283,2108,2146,38,1.7707362534948743
13285,80426,82880,2454,2.960907335907336
13287,3840,4020,180,4.477611940298507
13289,4024,3336,-688,-20.623501199040767
13291,13898,15710,1812,11.53405474220242
13293,13478,14416,938,6.506659267480577
13295,26590,30172,3582,11.871934243669626
13297,46422,54742,8320,15.19856782726243
13299,30982,29534,-1448,-4.902823864021128
13301,2481,3358,877,26.11673615247171
13303,12504,12926,422,3.2647377378926192
13305,16218,17316,1098,6.340956340956342
13307,910,1138,228,20.035149384885763
13309,2154,2492,338,13.563402889245586
13311,18200,19270,1070,5.552672548002076
13313,112162,116008,3846,3.315288600786152
13315,1743,2308,565,24.48006932409012
13317,5192,5490,298,5.428051001821493
13319,7204,5748,-1456,-25.33054975643702
13321,6082,6022,-60,-0.9963467286615741
13999,255358,442724,187366,42.32117526946811
15000,1442728,1412139,-30589,-2.1661465337335772
15001,146214,149526,3312,2.21499939809799
15003,940058,915060,-24998,-2.7318427206959104
15007,63640,60578,-3062,-5.054640298458186
15009,154312,137121,-17191,-12.537102267340524
15999,3512,13114,9602,73.21946011895683
16000,1608594,1836587,227993,12.413950441770522
16001,507792,572660,64868,11.327489260643315
16003,1894,1992,98,4.919678714859438
16005,67248,73994,6746,9.116955428818553
16007,3228,3850,622,16.155844155844157
16009,6778,6684,-94,-1.4063435068821066
16011,29430,31396,1966,6.261944196712957
16013,26382,29860,3478,11.647689216342934
16015,3261,3836,575,14.989572471324298
16017,28572,32252,3680,11.410145107280169
16019,106378,124964,18586,14.873083448033034
16021,6958,7840,882,11.25
16023,18120,20438,2318,11.341618553674527
16025,566,682,116,17.008797653958943
16027,141910,177220,35310,19.924387766617762
16029,6842,7052,210,2.977878615995462
16031,22662,24528,1866,7.607632093933464
16033,446,536,90,16.791044776119403
16035,5158,5566,408,7.330219187926698
16037,2458,2930,472,16.109215017064844
16039,14024,14914,890,5.967547271020518
16041,7096,8600,1504,17.488372093023255
16043,5586,6914,1328,19.207405264680357
16045,7414,9222,1808,19.605291693775754
16047,11956,13256,1300,9.806879903439953
16049,8514,9174,660,7.194244604316546
16051,12470,15964,3494,21.886745176647455
16053,20512,23572,3060,12.981503478703546
16055,124300,140102,15802,11.278925354384663
16057,22332,29212,6880,23.551964945912637
16059,4716,5564,848,15.240833932422717
16061,3166,3290,124,3.768996960486322
16063,2821,3522,701,19.903463940942643
16065,31576,35188,3612,10.264863021484597
16067,15626,18600,2974,15.989247311827956
16069,41164,44052,2888,6.555888495414511
16071,1892,3364,1472,43.75743162901308
16073,5816,6090,274,4.499178981937603
16075,12848,14010,1162,8.294075660242683
16077,6402,7782,1380,17.733230531996917
16079,9638,9916,278,2.803549818475192
16081,6484,9088,2604,28.653169014084508
16083,78048,84478,6430,7.611449134685953
16085,9484,10932,1448,13.245517746066593
16087,5414,6072,658,10.836627140974967
16999,26604,48942,22338,45.64178006620081
17000,12591810,12920009,328199,2.5402381685647435
17001,60533,61073,540,0.8841877752853142
17003,1984,1782,-202,-11.335578002244668
17005,8542,9052,510,5.634114007954043
17007,33522,23192,-10330,-44.54122111072783
17009,8407,8929,522,5.846119386269459
17011,21898,20174,-1724,-8.545652820461981
17013,1374,1452,78,5.371900826446281
17015,7868,7782,-86,-1.1051143664867642
17017,10966,10988,22,0.2002184200946487
17019,156524,164098,7574,4.615534619556606
17021,17210,16918,-292,-1.725972337155692
17023,9052,8824,-228,-2.5838621940163193
17025,10218,9396,-822,-8.748403575989784
17027,21302,22011,709,3.221116714370088
17029,42690,44393,1703,3.8361903903768613
17031,5155950,5163622,7672,0.14857787808635103
17033,12359,13067,708,5.41822912680799
17035,5650,6014,364,6.052544063851014
17037,63313,63252,-61,-0.0964396382723076
17039,9326,9956,630,6.327842507030936
17041,14766,15454,688,4.451921832535266
17043,1171763,1208021,36258,3.0014378889108717
17045,12874,12851,-23,-0.17897439887946462
17047,4230,4162,-68,-1.6338298894762133
17049,43547,45131,1584,3.509782632780129
17051,9396,8734,-662,-7.579574078314632
17053,9242,11138,1896,17.022804812354103
17055,17432,17694,262,1.4807279303718774
17057,14165,14703,538,3.659117186968646
17059,1838,1826,-12,-0.6571741511500547
17061,4688,4552,-136,-2.987697715289982
17063,40296,43156,2860,6.627120215033831
17065,3950,4116,166,4.033041788143829
17067,7790,8224,434,5.277237354085603
17069,1228,1588,360,22.670025188916874
17071,2066,2362,296,12.531752751905165
17073,24240,23789,-451,-1.8958342090882339
17075,14738,14492,-246,-1.6974882693900084
17077,41152,40917,-235,-0.5743334066524916
17079,3936,4324,388,8.973172987974099
17081,37186,36508,-678,-1.8571272049961653
17083,9500,10374,874,8.424908424908425
17085,13538,14564,1026,7.044767920900852
17087,3403,3617,214,5.916505391208184
17089,385638,399392,13754,3.4437344764041344
17091,83546,77634,-5912,-7.615220135507639
17093,56004,60778,4774,7.854815887327652
17095,32183,30752,-1431,-4.653355879292404
17097,626178,619305,-6873,-1.1097924286094896
17099,83372,79240,-4132,-5.214538112064614
17101,7840,6587,-1253,-19.02231668437832
17103,25790,25292,-498,-1.9690020559860826
17105,23948,25257,1309,5.182721621728629
17107,15947,14204,-1743,-12.271191213742608
17109,17081,17144,63,0.36747550163322446
17111,187978,193434,5456,2.8206003081154294
17113,151587,167530,15943,9.516504506655524
17115,89668,84940,-4728,-5.566282081469272
17117,20040,20408,368,1.803214425715406
17119,205444,207770,2326,1.1195071473263705
17121,24880,25466,586,2.3011073588313833
17123,5592,5616,24,0.4273504273504274
17125,5690,5546,-144,-2.596465921384782
17127,6074,5782,-292,-5.050155655482532
17129,3304,3504,200,5.707762557077626
17131,6064,6038,-26,-0.4306061609804571
17133,16424,16938,514,3.0345967646711536
17135,15220,15782,562,3.5610188822709414
17137,27770,27558,-212,-0.7692865955439437
17139,10290,10028,-262,-2.6126844834463503
17141,30412,29922,-490,-1.6375910701156338
17143,196670,198789,2119,1.0659543536111153
17145,7866,7659,-207,-2.7027027027027026
17147,6902,7438,536,7.206238236084969
17149,7678,7810,132,1.6901408450704223
17151,936,1340,404,30.149253731343283
17153,2698,2354,-344,-14.613423959218352
17155,3306,3800,494,13.0
17157,20472,19896,-576,-2.8950542822677927
17159,11688,11938,250,2.094153124476462
17161,138061,137033,-1028,-0.7501842621850211
17163,169250,169929,679,0.3995786475528015
17165,15228,16650,1422,8.54054054054054
17167,254886,259994,5108,1.9646607229397601
17169,2888,2990,102,3.411371237458194
17171,1910,1756,-154,-8.769931662870158
17173,10056,9506,-550,-5.7858194824321485
17175,2622,3136,514,16.39030612244898
17177,33948,34108,160,0.46909815878972677
17179,92924,93882,958,1.020429901365544
17181,8364,9041,677,7.488109722375843
17183,47866,46929,-937,-1.9966332118732555
17185,6556,6768,212,3.1323877068557917
17187,12382,12630,248,1.9635787806809184
17189,12962,12700,-262,-2.062992125984252
17191,7470,8088,618,7.640949554896142
17193,7976,8364,388,4.6389287422285985
17195,41524,42184,660,1.5645742461596814
17197,465132,498354,33222,6.666345609747289
17199,55798,57626,1828,3.172179224655537
17201,247374,252470,5096,2.0184576385313107
17203,19834,22808,2974,13.039284461592423
17999,280022,460724,180702,39.22131254286732
18000,6464325,6780101,315776,4.657393746789317
18001,26692,26254,-438,-1.6683172088062772
18003,379496,397274,17778,4.474997105272432
18005,101848,100524,-1324,-1.3170984043611476
18007,4650,4448,-202,-4.5413669064748206
18009,5852,5856,4,0.06830601092896176
18011,67254,91244,23990,26.292139757134713
18013,5290,6092,802,13.164806303348653
18015,10962,11134,172,1.544817675588288
18017,28666,28876,210,0.727247541210694
18019,108474,119352,10878,9.11421677056103
18021,15302,16542,1240,7.496070608148954
18023,22278,23226,948,4.081632653061225
18025,3676,3704,28,0.755939524838013
18027,24422,26070,1648,6.321442270809359
18029,29196,30270,1074,3.5480673934588705
18031,28806,28192,-614,-2.177922814982974
18033,43798,43972,174,0.3957063585918312
18035,82053,90652,8599,9.485725632087544
18037,57238,56730,-508,-0.8954697690816147
18039,260440,258714,-1726,-0.6671459604041529
18041,11796,11706,-90,-0.768836494105587
18043,60842,64826,3984,6.1456822879708755
18045,9258,10170,912,8.96755162241888
18047,8606,9240,634,6.861471861471862
18049,12162,12556,394,3.1379420197515135
18051,43238,43782,544,1.2425197569777535
18053,53620,54492,872,1.600234896865595
18055,12470,13270,800,6.028636021100226
18057,287162,325408,38246,11.753245156849248
18059,51758,58964,7206,12.221016213282681
18061,20322,20476,154,0.7521000195350654
18063,148716,165166,16450,9.959676931087511
18065,26134,27144,1010,3.7208959622752724
18067,75506,70672,-4834,-6.840049807561694
18069,26756,27472,716,2.6062900407687826
18071,44362,45082,720,1.5970897475710926
18073,23178,23274,96,0.41247744263985564
18075,13450,14056,606,4.311326124075128
18077,24986,25764,778,3.0197174351808727
18079,15036,16224,1188,7.322485207100591
18081,113682,132926,19244,14.477227931330214
18083,34300,34668,368,1.0614976347063574
18085,75888,73518,-2370,-3.2237003182893984
18087,27152,30748,3596,11.695069598022636
18089,370822,383492,12670,3.303849884743358
18091,79744,82542,2798,3.3897894405272466
18093,27062,26554,-508,-1.9130827747232058
18095,78878,80480,1602,1.9905566600397613
18097,1190634,1254396,63762,5.083083810853989
18099,36196,38658,2462,6.368668839567489
18101,15720,15998,278,1.7377172146518314
18103,17628,17866,238,1.332139258927572
18105,112980,134976,21996,16.296230440967282
18107,29892,30760,868,2.82184655396619
18109,30236,30970,734,2.3700355182434616
18111,6486,6502,16,0.2460781298062135
18113,36012,33406,-2606,-7.800993833443094
18115,2434,2226,-208,-9.344115004492364
18117,15334,14916,-418,-2.8023598820058995
18119,10126,10792,666,6.17123795404003
18121,6028,7042,1014,14.399318375461517
18123,12998,13018,20,0.15363343063450607
18125,5374,5176,-198,-3.8253477588871716
18127,120218,128228,8010,6.246685591290514
18129,17348,17256,-92,-0.5331478905887808
18131,9618,10774,1156,10.72953406348617
18133,25638,24652,-986,-3.999675482719455
18135,12408,14194,1786,12.582781456953644
18137,24700,21184,-3516,-16.597432024169184
18139,9658,9804,146,1.4891880864953082
18141,241900,242708,808,0.332910328460537
18143,16348,15842,-506,-3.1940411564196443
18145,36394,37720,1326,3.515376458112407
18147,12082,12756,674,5.283788021323299
18149,8018,8352,334,3.9990421455938696
18151,31920,32556,636,1.9535569480280135
18153,10996,11476,480,4.182642035552457
18155,4110,3086,-1024,-33.182112767336356
18157,153819,187306,33487,17.878231343363264
18159,10532,8896,-1636,-18.390287769784173
18161,2514,2756,242,8.780841799709723
18163,214740,218326,3586,1.642497915960536
18165,8624,8836,212,2.399275690357628
18167,93920,92266,-1654,-1.7926430104263757
18169,23582,25136,1554,6.182367918523234
18171,3716,3894,178,4.571135079609656
18173,32796,34982,2186,6.2489280201246356
18175,11904,11662,-242,-2.0751157605899504
18177,59346,59388,42,0.07072135785007072
18179,21144,22922,1778,7.7567402495419255
18181,18298,18068,-230,-1.2729687845915432
18183,26292,28204,1912,6.779180258119416
18999,150456,195190,44734,22.91818228392848
19000,3294348,3386821,92473,2.730377542834416
19001,5784,6078,294,4.8371174728529125
19003,2472,2582,110,4.260263361735089
19005,9914,9828,-86,-0.8750508750508751
19007,8680,9150,470,5.136612021857923
19009,3498,3734,236,6.320299946438136
19011,11656,11860,204,1.7200674536256324
19013,145430,145280,-150,-0.1032488986784141
19015,17456,17598,142,0.8069098761222866
19017,19300,19596,296,1.5105123494590733
19019,13312,13326,14,0.10505778177997899
19021,22422,22054,-368,-1.6686315407635803
19023,6750,7490,740,9.879839786381844
19025,5486,5604,118,2.105638829407566
19027,22258,22164,-94,-0.42411117126872405
19029,11372,11924,552,4.6293190204629315
19031,10222,10224,2,0.019561815336463225
19033,48962,46432,-2530,-5.448828394210889
19035,9556,9802,246,2.509691899612324
19037,9502,10220,718,7.025440313111546
19039,9058,9446,388,4.107558755028584
19041,16950,17448,498,2.854195323246217
19043,12684,12508,-176,-1.4070994563479373
19045,39682,38746,-936,-2.4157332369793014
19047,13420,12944,-476,-3.677379480840544
19049,92764,107548,14784,13.746420203072116
19051,4056,4394,338,7.6923076923076925
19053,4878,4712,-166,-3.5229202037351444
19055,13050,12980,-70,-0.539291217257319
19057,41306,39720,-1586,-3.9929506545820748
19059,18004,19050,1046,5.490813648293964
19061,116246,118764,2518,2.1201710956182005
19063,7364,6682,-682,-10.20652499251721
19065,13762,14028,266,1.8962075848303395
19067,11256,11572,316,2.7307293466989284
19069,7438,7842,404,5.151747003315481
19071,4854,4406,-448,-10.167952791647753
19073,6706,6568,-138,-2.1010962241169304
19075,7854,7434,-420,-5.649717514124294
19077,6102,6458,356,5.512542582842985
19079,11324,11652,328,2.814967387572949
19081,12272,12030,-242,-2.0116375727348297
19083,13280,13200,-80,-0.6060606060606061
19085,7914,7944,30,0.3776435045317221
19087,18144,16736,-1408,-8.413001912045889
19089,8206,8580,374,4.358974358974359
19091,7396,7632,236,3.0922431865828095
19093,7520,7238,-282,-3.896103896103896
19095,19504,18222,-1282,-7.035451651849413
19097,11964,11960,-4,-0.033444816053511704
19099,22556,20398,-2158,-10.579468575350525
19101,15126,15078,-48,-0.31834460803820136
19103,136595,138791,2196,1.582235159340303
19105,11770,12820,1050,8.190327613104524
19107,4338,4692,354,7.544757033248081
19109,13222,13446,224,1.6659229510635132
19111,30124,27548,-2576,-9.350951067228111
19113,259338,252808,-6530,-2.582987880130376
19115,7670,7950,280,3.5220125786163523
19117,7242,6718,-524,-7.7999404584697825
19119,8934,9484,550,5.79924082665542
19121,7416,7621,205,2.6899357039758565
19123,15682,15700,18,0.11464968152866241
19125,35358,38948,3590,9.217418095922769
19127,32526,31428,-1098,-3.493699885452463
19129,5579,6950,1371,19.72661870503597
19131,8184,8526,342,4.011259676284307
19133,5042,5134,92,1.7919750681729647
19135,7106,7676,570,7.425742574257425
19137,8012,8170,158,1.9339045287637697
19139,45390,43320,-2070,-4.778393351800554
19141,13030,13234,204,1.5414840562188303
19143,4832,5524,692,12.527154236060825
19145,10768,11649,881,7.562880933985749
19147,7564,7226,-338,-4.677553279822861
19149,22558,23226,668,2.8760871437182467
19151,5984,5422,-562,-10.365178900774621
19153,600516,633538,33022,5.212315599064302
19155,78516,80468,1952,2.425809017249093
19157,18492,18800,308,1.6382978723404256
19159,2710,2780,70,2.5179856115107913
19161,5766,6122,356,5.815093106827834
19163,176846,182964,6118,3.3438272009794274
19165,11028,10978,-50,-0.45545636728001454
19167,41658,45982,4324,9.403679700752468
19169,76350,82522,6172,7.479217663168609
19171,11114,10760,-354,-3.2899628252788102
19173,3888,4144,256,6.177606177606178
19175,11926,11792,-134,-1.1363636363636365
19177,3764,3892,128,3.28879753340185
19179,31458,30750,-708,-2.3024390243902437
19181,23130,26178,3048,11.643364657345863
19183,16292,16784,492,2.931363203050524
19185,3752,4232,480,11.342155009451796
19187,35160,35314,154,0.43608767061222176
19189,8394,7532,-862,-11.444503451938397
19191,19690,21022,1332,6.336219198934449
19193,102332,104148,1816,1.7436724661059264
19195,4570,4476,-94,-2.100089365504915
19197,12532,12718,186,1.4624941028463594
19999,6860,19899,13039,65.52590582441329
20000,3007460,3113187,105727,3.3961018082113283
20001,11216,11238,22,0.19576437088449902
20003,4050,4904,854,17.41435562805873
20005,10694,11060,366,3.309222423146474
20007,3116,3214,98,3.0491599253266957
20009,24048,22816,-1232,-5.399719495091164
20011,11650,11110,-540,-4.86048604860486
20013,9784,8750,-1034,-11.817142857142857
20015,37354,40982,3628,8.852667024547364
20017,1836,1422,-414,-29.11392405063291
20019,1528,1490,-38,-2.5503355704697985
20021,11866,11514,-352,-3.0571478200451625
20023,1746,1800,54,3.0
20025,1576,1658,82,4.945717732207479
20027,5760,6044,284,4.698874917273329
20029,6260,6336,76,1.1994949494949494
20031,7246,7084,-162,-2.2868435911914173
20033,1196,1286,90,6.998444790046657
20035,27216,26582,-634,-2.385072605522534
20037,33666,35622,1956,5.490988714839144
20039,1794,1848,54,2.922077922077922
20041,12030,11830,-200,-1.69061707523246
20043,4466,5420,954,17.60147601476015
20045,84295,101368,17073,16.84259332333675
20047,1850,1852,2,0.10799136069114472
20049,611,1276,665,52.11598746081505
20051,30496,32192,1696,5.2683896620278325
20053,4488,4376,-112,-2.5594149908592323
20055,38970,40842,1872,4.5835169678272365
20057,33710,35948,2238,6.225659285634806
20059,18382,20590,2208,10.723652258377854
20061,26416,25270,-1146,-4.535021764938662
20063,2560,2430,-130,-5.349794238683128
20065,1738,1794,56,3.121516164994426
20067,5522,5148,-374,-7.264957264957266
20069,5974,6084,110,1.8080210387902695
20071,1298,1330,32,2.4060150375939853
20073,3290,3102,-188,-6.0606060606060606
20075,2988,3056,68,2.225130890052356
20077,4726,4852,126,2.5968672712283594
20079,27806,29074,1268,4.361284996904451
20081,3376,3326,-50,-1.503307276007216
20083,1172,1280,108,8.4375
20085,8396,8812,416,4.7208352246936
20087,7060,7670,610,7.953063885267275
20089,1374,1430,56,3.9160839160839163
20091,703664,749780,46116,6.150604177225319
20093,2976,3102,126,4.061895551257253
20095,4830,5208,378,7.258064516129033
20097,2184,2118,-66,-3.1161473087818696
20099,16850,17302,452,2.6124147497399144
20101,921,1304,383,29.371165644171782
20103,40906,43958,3052,6.942991036898857
20105,1994,1844,-150,-8.134490238611713
20107,3958,4280,322,7.5233644859813085
20109,2440,2680,240,8.955223880597014
20111,30192,31458,1266,4.024413503719244
20113,31148,32432,1284,3.9590527873704984
20115,7280,7168,-112,-1.5625
20117,8954,8964,10,0.11155734047300313
20119,3094,3068,-26,-0.847457627118644
20121,16886,17784,898,5.049482681061628
20123,6302,6214,-88,-1.4161570646926296
20125,28252,29636,1384,4.669995950870563
20127,3066,3104,38,1.2242268041237114
20129,1572,1552,-20,-1.2886597938144329
20131,10064,11588,1524,13.15153607179841
20133,12574,13130,556,4.234577303884235
20135,2224,2134,-90,-4.217432052483598
20137,4578,4544,-34,-0.7482394366197183
20139,5442,7842,2400,30.604437643458297
20141,2794,2630,-164,-6.23574144486692
20143,2063,2550,487,19.098039215686274
20145,3950,4914,964,19.617419617419618
20147,4688,4380,-308,-7.031963470319634
20149,19194,19538,344,1.7606715119254785
20151,9128,9204,76,0.8257279443720122
20153,1632,2070,438,21.15942028985507
20155,52136,53310,1174,2.2022134683924217
20157,3570,3906,336,8.60215053763441
20159,7354,7486,132,1.7632914774245259
20161,48387,60876,12489,20.515474078454563
20163,3558,3410,-148,-4.3401759530791795
20165,2066,2196,130,5.919854280510018
20167,4832,5026,194,3.8599283724631914
20169,56996,61836,4840,7.82715570217996
20171,4526,4320,-206,-4.768518518518518
20173,515324,530820,15496,2.9192569986059307
20175,21578,22282,704,3.1595009424647698
20177,190668,200090,9422,4.708881003548403
20179,2012,2026,14,0.6910167818361304
20181,4804,4782,-22,-0.4600585529067336
20183,2592,2874,282,9.812108559498958
20185,2500,2496,-4,-0.16025641025641024
20187,1536,1806,270,14.950166112956811
20189,4018,4160,142,3.4134615384615383
20191,13458,12962,-496,-3.8265699737694803
20193,8012,8340,328,3.9328537170263784
20195,2494,2220,-274,-12.342342342342343
20197,2686,2908,222,7.6341127922971115
20199,1000,1132,132,11.66077738515901
20201,4124,4226,102,2.4136299100804544
20203,1489,1480,-9,-0.6081081081081081
20205,6972,6768,-204,-3.0141843971631204
20207,1356,1436,80,5.571030640668524
20209,179118,185224,6106,3.2965490433205202
20999,23982,29700,5718,19.252525252525253
21000,4065864,4311130,245266,5.689134867192592
21001,8552,10082,1530,15.17556040468161
21003,9116,10044,928,9.239346873755476
21005,9860,10122,262,2.588421260620431
21007,3138,5378,2240,41.65117143919673
21009,31812,31308,-504,-1.609812188577999
21011,3926,4102,176,4.290589956118966
21013,16078,17124,1046,6.108385891146928
21015,192902,214286,21384,9.979186694417741
21017,13356,13586,230,1.6929191815103783
21019,48538,52132,3594,6.894038210695926
21021,27956,30166,2210,7.3261287542266125
21023,2470,2998,528,17.61174116077385
21025,5282,5370,88,1.638733705772812
21027,6852,7402,550,7.4304242096730615
21029,53102,60620,7518,12.401847575057737
21031,5450,5960,510,8.557046979865772
21033,8764,9310,546,5.864661654135339
21035,31906,31612,-294,-0.9300265721877767
21037,60144,63368,3224,5.087741446787022
21039,1998,2098,100,4.7664442326024785
21041,14186,15142,956,6.313564918768987
21043,10674,11410,736,6.4504820333041195
21045,7772,8218,446,5.427111219274763
21047,62062,63384,1322,2.0856998611637008
21049,29522,27390,-2132,-7.783862723621759
21051,7934,8256,322,3.9001937984496124
21053,7914,7180,-734,-10.222841225626741
21055,3800,4086,286,6.999510523739598
21057,4112,4532,420,9.267431597528685
21059,91300,93954,2654,2.824786597696745
21061,3130,3340,210,6.287425149700598
21063,1782,1746,-36,-2.0618556701030926
21065,4684,4678,-6,-0.12825994014536127
21067,386854,410596,23742,5.782326179504914
21069,6262,6532,270,4.133496631965707
21071,20906,22570,1664,7.372618520159503
21073,62276,68194,5918,8.678182831334134
21075,3928,4562,634,13.897413415168785
21077,5114,5222,108,2.068173113749521
21079,4304,5570,1266,22.72890484739677
21081,9924,10528,604,5.7370820668693
21083,22834,23458,624,2.6600733225338904
21085,15798,15126,-672,-4.442681475604918
21087,3604,3670,66,1.7983651226158037
21089,15120,14388,-732,-5.087572977481234
21091,8200,7472,-728,-9.74304068522484
21093,95144,99560,4416,4.435516271595017
21095,12176,12606,430,3.4110740917023636
21097,10118,10718,600,5.598059339428998
21099,9656,10486,830,7.915315658973871
21101,37348,38820,1472,3.791859866048428
21103,5410,5754,344,5.978449774070213
21105,1651,1694,43,2.5383707201889023
21107,33106,35550,2444,6.874824191279888
21109,3298,4060,762,18.76847290640394
21111,935192,973710,38518,3.9557979275143524
21113,33896,37712,3816,10.118795078489605
21115,10078,11050,972,8.796380090497738
21117,135948,149116,13168,8.830708978245125
21119,4206,4350,144,3.310344827586207
21121,15810,16046,236,1.470771531845943
21123,4984,5062,78,1.5408929276965626
21125,54116,52898,-1218,-2.3025445196415744
21127,7018,8500,1482,17.43529411764706
21129,3266,3334,68,2.039592081583683
21131,3018,3298,280,8.489993935718617
21133,8614,8864,250,2.820397111913357
21135,3820,3946,126,3.1931069437404966
21137,7874,7976,102,1.2788365095285856
21139,5184,6034,850,14.086841233012926
21141,17686,18178,492,2.7065683793596653
21143,4768,5226,458,8.76387294297742
21145,76418,82562,6144,7.441680191855818
21147,5646,5820,174,2.9896907216494846
21149,3866,3528,-338,-9.580498866213153
21151,68878,73412,4534,6.176101999673078
21153,3708,3890,182,4.67866323907455
21155,17026,18380,1354,7.3667029379760605
21157,22266,23868,1602,6.711915535444947
21159,4070,3804,-266,-6.992639327024184
21161,16368,15914,-454,-2.8528339826567803
21163,8612,10370,1758,16.95274831243973
21165,1902,1968,66,3.353658536585366
21167,12276,13294,1018,7.65758989017602
21169,3734,4674,940,20.11125374411639
21171,6308,6512,204,3.1326781326781328
21173,20090,21948,1858,8.465463823583013
21175,5786,6388,602,9.423919849718223
21177,15798,16628,830,4.991580466682704
21179,32724,37490,4766,12.712723392904774
21181,1710,1834,124,6.761177753544166
21183,14816,14760,-56,-0.3794037940379404
21185,32544,36294,3750,10.33228632831873
21187,2704,2956,252,8.525033829499323
21189,1300,1484,184,12.398921832884097
21191,4504,4514,10,0.2215330084182543
21193,23294,23110,-184,-0.796192124621376
21195,40782,40876,94,0.22996379293472943
21197,5250,5906,656,11.10734845919404
21199,52642,52726,84,0.1593141903425255
21201,566,664,98,14.759036144578314
21203,8042,8056,14,0.1737835153922542
21205,19736,21722,1986,9.142804529969615
21207,11444,12330,886,7.185725871857258
21209,56596,62660,6064,9.677625279285031
21211,32666,33268,602,1.8095467115546473
21213,17110,19068,1958,10.26851269142018
21215,4080,4474,394,8.806437192668753
21217,24596,24710,114,0.46135167948199113
21219,4564,5434,870,16.010305483989697
21221,5872,6000,128,2.1333333333333333
21223,2142,2168,26,1.1992619926199262
21225,10060,10284,224,2.178140801244652
21227,128896,140338,11442,8.15317305362767
21229,6522,7226,704,9.742596180459453
21231,11332,10638,-694,-6.523782665914646
21233,5834,5608,-226,-4.029957203994294
21235,24954,28594,3640,12.729943344757642
21237,2770,3026,256,8.460013218770653
21239,18514,19702,1188,6.0298446858186985
21999,49138,74840,25702,34.342597541421696
22000,4135304,4133894,-1410,-0.034108276603125286
22001,28484,28754,270,0.9389997913333796
22003,15624,14840,-784,-5.283018867924529
22005,92664,99760,7096,7.113071371291099
22007,7288,7680,392,5.104166666666667
22009,20524,19144,-1380,-7.208524864187213
22011,16868,18184,1316,7.2371315442146935
22013,8270,7416,-854,-11.515641855447681
22015,88736,87742,-994,-1.1328668140685192
22017,218726,218852,126,0.05757315446054868
22019,196210,175774,-20436,-11.626292853323017
22021,4286,4524,238,5.260831122900089
22023,17240,8486,-8754,-103.15814282347395
22025,4196,4514,318,7.044749667700486
22027,6262,6096,-166,-2.7230971128608927
22029,10822,10648,-174,-1.6341096919609315
22031,13264,17054,3790,22.223525272663306
22033,524300,547162,22862,4.178287234859146
22035,3278,2926,-352,-12.030075187969924
22037,9392,10336,944,9.13312693498452
22039,14902,15740,838,5.324015247776366
22041,9404,9466,62,0.6549757025142616
22043,6874,6642,-232,-3.4929238181270703
22045,52244,48930,-3314,-6.772940936031064
22047,29436,32068,2632,8.207558937258327
22049,6810,7706,896,11.627303399948092
22051,382496,367570,-14926,-4.060723127567538
22053,16206,15756,-450,-2.856054836252856
22055,262262,272754,10492,3.846689691076941
22057,68544,70570,2026,2.870908317982145
22059,9748,9302,-446,-4.794667813373469
22061,38348,36956,-1392,-3.7666414114081608
22063,58382,63190,4808,7.608798860579205
22065,6134,6150,16,0.26016260162601623
22067,12734,12224,-510,-4.172120418848167
22069,26438,29002,2564,8.840769602096406
22071,405490,381746,-23744,-6.219842513084616
22073,139248,138492,-756,-0.5458799064205875
22075,23684,24026,342,1.4234579205860318
22077,10214,11486,1272,11.074351384293923
22079,112060,113750,1690,1.4857142857142858
22081,4816,5028,212,4.216388225934765
22083,12784,12764,-20,-0.15669069257286117
22085,10968,11092,124,1.1179228272628923
22087,20300,22370,2070,9.253464461332142
22089,47568,49218,1650,3.3524320370596126
22091,3196,3074,-122,-3.9687703318152243
22093,16380,16148,-232,-1.4367104285360417
22095,27902,25464,-2438,-9.574300973923972
22097,47190,46902,-288,-0.6140463093258284
22099,23632,24004,372,1.5497417097150474
22101,41390,41104,-286,-0.6957960295834955
22103,180192,195020,14828,7.603322736129628
22105,88532,94992,6460,6.800572679804614
22107,841,889,48,5.399325084364454
22109,98588,96448,-2140,-2.2188122096881218
22111,10084,10912,828,7.587976539589443
22113,25756,24904,-852,-3.4211371667202055
22115,25524,25104,-420,-1.6730401529636711
22117,20636,22368,1732,7.743204577968527
22119,23172,22360,-812,-3.631484794275492
22121,25564,25534,-30,-0.1174904049502624
22123,4048,3878,-170,-4.383702939659619
22125,8620,8130,-490,-6.027060270602706
22127,9076,8828,-248,-2.8092433167195288
22999,33125,34490,1365,3.957668889533198
23000,1309814,1377540,67726,4.916445257487986
23001,98666,96740,-1926,-1.9909034525532356
23003,51752,51604,-148,-0.2867994729090768
23005,370800,381594,10794,2.8286608280004404
23007,19495,21360,1865,8.731273408239701
23009,39506,42374,2868,6.768301316845235
23011,119870,123346,3476,2.8180889530264457
23013,33076,33182,106,0.3194503043818938
23015,19956,21418,1462,6.826034176860585
23017,34742,34322,-420,-1.2237049123011479
23019,138618,142338,3720,2.613497449732327
23021,9406,10446,1040,9.955964005360904
23023,31499,33368,1869,5.60117477823064
23025,30930,31788,858,2.6991317478293695
23027,20537,22824,2287,10.020154223624257
23029,19478,21062,1584,7.520653309277371
23031,139480,151668,12188,8.035973310124746
23999,26680,56876,30196,53.09093466488501
24000,5816061,5999572,183511,3.0587348564197576
24001,55354,48076,-7278,-15.138530659788668
24003,551592,525875,-25717,-4.890325647729974
24005,746040,744852,-1188,-0.15949477211580287
24009,44052,40027,-4025,-10.05571239413396
24011,19582,19172,-410,-2.138535364072606
24013,113786,109172,-4614,-4.226358406917525
24015,65872,69342,3470,5.0041821695365005
24017,82384,76398,-5986,-7.835283646168747
24019,24326,23606,-720,-3.0500720155892567
24021,208018,202622,-5396,-2.6630869303432005
24023,23692,21639,-2053,-9.487499422339294
24025,187492,181754,-5738,-3.1570144260924105
24027,348408,320579,-27829,-8.680855576940473
24029,14858,14414,-444,-3.080338559733592
24031,941838,877500,-64338,-7.331965811965812
24033,633514,580170,-53344,-9.194546426047538
24035,30130,28590,-1540,-5.386498775795732
24037,93382,91933,-1449,-1.5761478468014751
24039,12938,13518,580,4.290575528924397
24041,34248,36054,1806,5.009152937260775
24043,125448,119298,-6150,-5.155157672383443
24045,89790,84834,-4956,-5.841997312398331
24047,39718,41347,1629,3.93982634773986
24510,686742,634999,-51743,-8.148516769317746
24999,149740,252942,103202,40.800657858323255
25000,7603162,7775692,172530,2.2188378860685325
25001,172108,181428,9320,5.137024053619067
25003,117244,117758,514,0.43648839144686563
25005,454848,460696,5848,1.2693837150745828
25007,14432,16208,1776,10.957551826258637
25009,643652,650656,7004,1.076452072984803
25011,52226,52526,300,0.5711457183109317
25013,416016,406972,-9044,-2.2222659052711244
25015,127732,132798,5066,3.8148164882001234
25017,1868192,1875174,6982,0.372338780294522
25019,10800,13215,2415,18.274687854710557
25021,700388,700522,134,0.019128592678031523
25023,384240,390018,5778,1.481470085996031
25025,1403842,1429432,25590,1.7902215705259152
25027,700334,657930,-42404,-6.445062544647606
25999,102888,183070,80182,43.7985470038783
26000,9119570,9400659,281089,2.9900988856206783
26001,3139,2565,-574,-22.378167641325536
26003,3923,3901,-22,-0.5639579594975648
26005,78558,80858,2300,2.844492814563803
26007,22732,24486,1754,7.163276974597729
26009,9776,9902,126,1.27247020803878
26011,7968,8060,92,1.141439205955335
26013,5764,6120,356,5.816993464052287
26015,24690,26586,1896,7.13157300835026
26017,68068,67252,-816,-1.2133468149646107
26019,8124,9130,1006,11.018619934282585
26021,118002,119328,1326,1.1112228479485116
26023,25509,27785,2276,8.191470217743387
26025,106774,107884,1110,1.0288828741982128
26027,18374,18438,64,0.34710923093611024
26029,19458,20974,1516,7.227996567178412
26031,10378,11046,668,6.0474379866014845
26033,23892,25364,1472,5.803501025074909
26035,12478,14422,1944,13.47940646234919
26037,32294,37144,4850,13.05729054490631
26039,8132,8076,-56,-0.6934125804853888
26041,27082,26760,-322,-1.203288490284006
26043,26620,27552,932,3.3826945412311265
26045,83564,87152,3588,4.116945107398569
26047,35458,34738,-720,-2.0726581841211353
26049,263954,268070,4116,1.535419853023464
26051,8012,8384,372,4.437022900763359
26053,10442,10192,-250,-2.4529042386185242
26055,98184,101800,3616,3.552062868369352
26057,25564,25298,-266,-1.0514665190924184
26059,24270,22878,-1392,-6.084447941253606
26061,19587,20924,1337,6.389791626839993
26063,21822,22356,534,2.3886205045625335
26065,304672,310744,6072,1.9540200293489174
26067,41288,39094,-2194,-5.612114390955133
26069,15088,15008,-80,-0.5330490405117271
26071,6936,6746,-190,-2.816483842276905
26073,46796,45582,-1214,-2.663332017024264
26075,112414,112854,440,0.38988427525829833
26077,241146,240888,-258,-0.10710371624987547
26079,7674,9142,1468,16.057755414570117
26081,812596,840604,28008,3.3318899267669435
26083,682,794,112,14.105793450881613
26085,3610,3280,-330,-10.060975609756099
26087,41028,43528,2500,5.743429516632972
26089,11212,12378,1166,9.419938600743254
26091,50320,51752,1432,2.767042819601175
26093,124590,128652,4062,3.157354724372726
26095,3248,3462,214,6.1813980358174465
26097,6426,7336,910,12.404580152671755
26099,652866,679340,26474,3.897017693643831
26101,10875,11548,673,5.827848978178039
26103,51980,52152,172,0.32980518484430127
26105,19370,19876,506,2.545783859931576
26107,21839,22904,1065,4.6498428222144605
26109,14056,14278,222,1.5548396133912312
26111,70414,76742,6328,8.245810638242421
26113,5745,7987,2242,28.07061474896707
26115,76848,82722,5874,7.100892144774063
26117,28057,29144,1087,3.7297556958550646
26119,4426,4080,-346,-8.480392156862745
26121,121054,124880,3826,3.0637411915438824
26123,23604,24250,646,2.6639175257731957
26125,1470306,1462060,-8246,-0.5639987415017167
26127,11888,11502,-386,-3.3559380977221354
26129,11126,11942,816,6.83302629375314
26131,2660,2778,118,4.2476601871850255
26133,14818,16308,1490,9.136620063772382
26135,2328,2516,188,7.472178060413355
26137,20232,21394,1162,5.431429372721324
26139,236613,249378,12765,5.118735413709309
26141,5066,5002,-64,-1.2794882047181129
26143,9932,12426,2494,20.07081924995976
26145,163944,160910,-3034,-1.885526070474178
26147,86540,83752,-2788,-3.328875728340816
26149,42122,42350,228,0.538370720188902
26151,19850,19637,-213,-1.0846870703264244
26153,4962,5074,112,2.207331493890422
26155,30536,30944,408,1.3185108583247156
26157,23074,24202,1128,4.660771837038261
26159,39306,42210,2904,6.879886282871357
26161,431926,438040,6114,1.395762944023377
26163,1453662,1461262,7600,0.5200983807147521
26165,27514,27026,-488,-1.8056686154073853
26999,220718,336926,116208,34.49065967007592
27000,6122722,6220101,97379,1.565553356770252
27001,8078,8530,452,5.2989449003517
27003,256020,265036,9016,3.401802019348315
27005,28608,29276,668,2.28173247711436
27007,39722,41320,1598,3.867376573088093
27009,32209,34254,2045,5.97010568108834
27011,3300,3282,-18,-0.5484460694698354
27013,80130,81830,1700,2.0774776976658926
27015,27254,26570,-684,-2.574331953330824
27017,26070,25924,-146,-0.5631846937201049
27019,74404,82842,8438,10.185654619637383
27021,19296,20228,932,4.6074747874233735
27023,11190,10802,-388,-3.5919274208479908
27025,30998,32204,1206,3.7448764128679666
27027,38146,39224,1078,2.748317356720375
27029,4880,5286,406,7.680665909950814
27031,5086,4934,-152,-3.0806647750304013
27033,10458,10054,-404,-4.018301173662224
27035,56796,59932,3136,5.232596943202296
27037,377596,376776,-820,-0.21763594284136994
27039,11772,11856,84,0.708502024291498
27041,37596,38176,580,1.519279128248114
27043,8608,9094,486,5.344182977787552
27045,11830,12724,894,7.026092423766111
27047,23996,23718,-278,-1.1721055738257864
27049,42330,42638,308,0.7223603358506496
27051,3624,3778,154,4.076230809952356
27053,1867108,1834794,-32314,-1.76117863912788
27055,10126,10342,216,2.0885708760394506
27057,11346,11684,338,2.892844916124615
27059,22512,23652,1140,4.819888381532217
27061,31948,31312,-636,-2.031170158405723
27063,10080,9948,-132,-1.3268998793727382
27065,7542,8128,586,7.209645669291338
27067,47272,45876,-1396,-3.0429854390095037
27069,2930,2868,-62,-2.161785216178522
27071,8676,8262,-414,-5.010893246187364
27073,3564,4544,980,21.566901408450704
27075,7532,7526,-6,-0.07972362476747276
27077,3658,3202,-456,-14.24109931292942
27079,16872,16636,-236,-1.4186102428468381
27081,2669,3348,679,20.280764635603347
27083,27124,27802,678,2.438673476728293
27085,31292,31296,4,0.012781186094069532
27087,2415,3680,1265,34.375
27089,4080,4874,794,16.290521132540007
27091,16532,16612,80,0.48157958102576454
27093,14528,16136,1608,9.965294992563214
27095,18752,18336,-416,-2.2687609075043627
27097,20904,21640,736,3.4011090573012934
27099,32902,33526,624,1.8612420211179384
27101,5398,5716,318,5.56333100069979
27103,30346,29592,-754,-2.5479859421465263
27105,20980,19842,-1138,-5.735308940630985
27107,2576,3346,770,23.01255230125523
27109,201882,205306,3424,1.667754473809825
27111,43192,45108,1916,4.247583577192516
27113,19960,19594,-366,-1.8679187506379504
27115,15802,15508,-294,-1.8957957183389218
27117,8320,8554,234,2.735562310030395
27119,23500,24308,808,3.3240085568537108
27121,8508,8776,268,3.0537830446672745
27123,661076,652456,-8620,-1.321161886778572
27125,1778,2008,230,11.45418326693227
27127,11916,12622,706,5.5934083346537795
27129,10718,11248,530,4.71194879089616
27131,50732,51490,758,1.4721305107787919
27133,6486,7316,830,11.344997266265718
27135,15462,16302,840,5.152741994847259
27137,192670,190294,-2376,-1.2485942804292307
27139,107968,123384,15416,12.494326654995785
27141,51108,55538,4430,7.976520580503439
27143,7618,7474,-144,-1.9266791544019266
27145,172172,173638,1466,0.8442852371024776
27147,41186,37942,-3244,-8.549891940329978
27149,10432,11252,820,7.28759331674369
27151,6662,7548,886,11.738208797032327
27153,12788,13448,660,4.9077929803688285
27155,1971,2206,235,10.652765185856754
27157,13198,12972,-226,-1.742213999383287
27159,10808,11414,606,5.309269318380936
27161,11606,10668,-938,-8.792650918635172
27163,177162,187946,10784,5.737818309514435
27165,8808,9242,434,4.695953256870808
27167,2977,3252,275,8.456334563345633
27169,47704,47826,122,0.2550913728934053
27171,89560,94760,5200,5.487547488391726
27173,7788,7720,-68,-0.8808290155440414
27999,114146,181064,66918,36.95820262448637
28000,2489212,2573813,84601,3.286990935238885
28001,20312,19874,-438,-2.2038844721747006
28003,28718,27678,-1040,-3.7574969289688562
28005,3916,4054,138,3.4040453872718306
28007,9038,9074,36,0.39673793255455153
28009,2032,2054,22,1.071080817916261
28011,20554,21444,890,4.150345084872225
28013,6174,5942,-232,-3.9044092898014138
28015,2230,2082,-148,-7.108549471661864
28017,10114,9290,-824,-8.869752421959095
28019,4204,4658,454,9.74667239158437
28021,6127,6766,639,9.444280224652674
28023,5852,5924,72,1.2153950033760972
28025,10528,13304,2776,20.865904990980155
28027,14600,13076,-1524,-11.654940348730499
28029,12484,12596,112,0.889171165449349
28031,11156,11260,104,0.9236234458259326
28033,129446,148912,19466,13.072149994627699
28035,79480,80706,1226,1.5190939954898026
28037,3044,3110,66,2.122186495176849
28039,9914,10306,392,3.8036095478362117
28041,2808,3694,886,23.98484028153763
28043,20534,18582,-1952,-10.504789581315253
28045,27650,28600,950,3.3216783216783217
28047,171874,177592,5718,3.2197396279111676
28049,234964,217996,-16968,-7.783629057413897
28051,6692,6058,-634,-10.46550016507098
28053,4340,3962,-378,-9.540636042402827
28055,277,378,101,26.71957671957672
28057,11796,11948,152,1.2721794442584533
28059,97252,101950,4698,4.608141245708681
28061,8386,8174,-212,-2.5935894298996818
28063,2002,1864,-138,-7.4034334763948495
28065,3048,2940,-108,-3.6734693877551026
28067,54946,55568,622,1.1193492657644688
28069,3416,3498,82,2.3441966838193253
28071,40950,50268,9318,18.536643590355695
28073,39064,40516,1452,3.5837693750617037
28075,65610,63154,-2456,-3.8889064825664246
28077,4830,5352,522,9.753363228699552
28079,10560,10520,-40,-0.38022813688212925
28081,110088,106348,-3740,-3.516756309474555
28083,28802,25600,-3202,-12.507812500000002
28085,24214,25610,1396,5.4509957048028115
28087,49912,50596,684,1.351885524547395
28089,110912,119606,8694,7.2688661103958
28091,16100,16624,524,3.1520692974013476
28093,16306,22790,6484,28.451075032909174
28095,19644,18450,-1194,-6.471544715447155
28097,4584,4992,408,8.173076923076923
28099,23904,23474,-430,-1.8318139217858056
28101,11540,10488,-1052,-10.030511060259343
28103,4836,4266,-570,-13.361462728551334
28105,32995,40268,7273,18.061488030197676
28107,20338,20242,-96,-0.4742614366169351
28109,21254,23150,1896,8.190064794816415
28111,4362,4100,-262,-6.390243902439025
28113,29274,29910,636,2.1263791374122367
28115,25286,23710,-1576,-6.646984394770139
28117,14732,15292,560,3.662045513994246
28119,1820,2074,254,12.246865959498553
28121,127594,135118,7524,5.5684660814991345
28123,25822,27470,1648,5.9992719330178375
28125,2180,1842,-338,-18.349619978284473
28127,12395,15148,2753,18.174016371798256
28129,5432,5404,-28,-0.5181347150259068
28131,9066,9838,772,7.847123399064851
28133,12685,17338,4653,26.837005421617256
28135,5474,5284,-190,-3.5957607872823623
28137,10898,11812,914,7.737893667456823
28139,12946,14074,1128,8.014779025152764
28141,12752,12478,-274,-2.1958647219105627
28143,14282,12522,-1760,-14.055262737581856
28145,22526,24818,2292,9.235232492545734
28147,4888,4766,-122,-2.5597985732270248
28149,38870,38704,-166,-0.4288962381149235
28151,32048,28836,-3212,-11.138854210015259
28153,9674,9358,-316,-3.3767899123744387
28155,3986,4126,140,3.3931168201648085
28157,3132,2996,-136,-4.539385847797063
28159,10224,10266,42,0.4091174751607247
28161,5580,5280,-300,-5.681818181818182
28163,12488,12528,40,0.31928480204342274
28999,66556,121294,54738,45.12836578890959
29000,5983107,6238688,255581,4.096710718663924
29001,19674,19472,-202,-1.0373870172555466
29003,4908,5650,742,13.132743362831858
29005,3328,3322,-6,-0.1806140878988561
29007,17434,16460,-974,-5.917375455650061
29009,28844,26422,-2422,-9.166603587919159
29011,6418,7148,730,10.212646894236151
29013,7238,7664,426,5.5584551148225465
29015,6748,7302,554,7.586962476033963
29017,3644,3654,10,0.27367268746579093
29019,185720,199324,13604,6.825068732315226
29021,92978,92226,-752,-0.8153882852991564
29023,35894,36564,670,1.8324034569521932
29025,3690,3940,250,6.345177664974619
29027,28756,29706,950,3.1980071366054
29029,30088,33330,3242,9.726972697269726
29031,82196,84902,2706,3.1872040705754867
29033,4948,5566,618,11.10312612288897
29035,2892,2950,58,1.966101694915254
29037,53590,59870,6280,10.489393686320362
29039,6124,6586,462,7.014880048587914
29041,3281,3778,497,13.155108523028058
29043,35080,40876,5796,14.179469615422253
29045,2812,2894,82,2.8334485141672427
29047,208346,223602,15256,6.8228370050357325
29049,7996,8734,738,8.449736661323563
29051,106114,108022,1908,1.7663068634167116
29053,8433,9712,1279,13.169275123558485
29055,13220,13024,-196,-1.5049140049140048
29057,3342,3362,20,0.594883997620464
29059,4964,5328,364,6.831831831831832
29061,3106,3576,470,13.143176733780763
29063,4681,5200,519,9.98076923076923
29065,7820,7574,-246,-3.2479535252178504
29067,4642,5192,550,10.59322033898305
29069,17364,18310,946,5.166575641725833
29071,77298,78666,1368,1.7389977881168484
29073,10364,10712,348,3.2486930545182973
29075,4318,4444,126,2.8352835283528353
29077,338156,360266,22110,6.137132008016299
29079,6004,5892,-112,-1.9008825526137134
29081,4874,5194,320,6.1609549480169425
29083,14254,16086,1832,11.388785279124706
29085,2430,2942,512,17.403127124405167
29087,2374,2690,316,11.74721189591078
29089,5130,4822,-308,-6.387391124014933
29091,30594,31220,626,2.0051249199231265
29093,6698,6816,118,1.7312206572769953
29095,746250,751378,5128,0.6824793911985712
29097,112832,119188,6356,5.332751619290533
29099,94172,97742,3570,3.652472836651593
29101,31282,32254,972,3.0135797110435916
29103,1842,1868,26,1.3918629550321198
29105,26982,28080,1098,3.91025641025641
29107,16988,17844,856,4.797130688186505
29109,16960,17828,868,4.868745793134396
29111,5004,4960,-44,-0.8870967741935484
29113,23454,25372,1918,7.55951442535078
29115,7578,8138,560,6.881297616121897
29117,12328,12448,120,0.9640102827763496
29119,13422,11694,-1728,-14.77680861980503
29121,9938,9756,-182,-1.865518655186552
29123,7374,7232,-142,-1.9634955752212389
29125,2460,2732,272,9.956076134699854
29127,26126,26278,152,0.578430626379481
29129,3138,2584,-554,-21.439628482972136
29131,13982,16072,2090,13.003982080637133
29133,5977,6014,37,0.6152311273694713
29135,8390,8200,-190,-2.317073170731707
29137,3372,3666,294,8.01963993453355
29139,5890,6754,864,12.792419307077289
29141,8364,9320,956,10.257510729613733
29143,14846,15820,974,6.1567635903919085
29145,40418,43096,2678,6.214033785038055
29147,15564,17190,1626,9.458987783595113
29149,4460,5148,688,13.364413364413362
29151,7367,8628,1261,14.615206305053317
29153,2804,2996,192,6.408544726301736
29155,10500,9972,-528,-5.294825511432009
29157,18780,19130,350,1.8295870360690014
29159,38710,38890,180,0.4628439187451787
29161,36326,38714,2388,6.168311205248747
29163,8901,10608,1707,16.09162895927602
29165,95248,96358,1110,1.151954170904336
29167,16960,20158,3198,15.864669113999405
29169,26026,26918,892,3.313767739059365
29171,1788,1764,-24,-1.3605442176870748
29173,6726,6966,240,3.4453057708871664
29175,18398,19110,712,3.725798011512297
29177,8026,8212,186,2.264978080857282
29179,3690,3366,-324,-9.62566844919786
29181,5312,5942,630,10.602490743857288
29183,302494,329298,26804,8.139739688671051
29185,3046,3508,462,13.169897377423034
29186,11018,12212,1194,9.777268260727153
29187,45814,45002,-812,-1.8043642504777566
29189,1209272,1207112,-2160,-0.17893948531702114
29195,17706,18354,648,3.5305655442955213
29197,1088,1638,550,33.57753357753357
29199,2288,2490,202,8.112449799196787
29201,30828,32688,1860,5.690161527165932
29203,2818,3192,374,11.716791979949875
29205,3612,3692,80,2.1668472372697725
29207,20306,20082,-224,-1.115426750323673
29209,12730,14426,1696,11.756550672397061
29211,4946,4624,-322,-6.963667820069204
29213,50156,57142,6986,12.225683385250779
29215,10850,11832,982,8.299526707234618
29217,13486,13236,-250,-1.8887881535207014
29219,14998,15914,916,5.7559381676511245
29221,9740,9712,-28,-0.2883031301482702
29223,4716,4552,-164,-3.6028119507908607
29225,15644,17524,1880,10.72814425930153
29227,535,776,241,31.056701030927837
29229,7886,9404,1518,16.14206720544449
29510,453774,446666,-7108,-1.5913456587248638
29999,164408,262952,98544,37.47604125467766
30000,1010002,1107181,97179,8.777155677346341
30001,7588,7936,348,4.385080645161291
30003,7896,7584,-312,-4.113924050632911
30005,2315,2640,325,12.31060606060606
30007,2670,2906,236,8.121128699242945
30009,5476,6110,634,10.376432078559738
30011,410,678,268,39.52802359882006
30013,70322,74032,3710,5.011346444780635
30015,1883,2486,603,24.255832662912308
30017,10434,10980,546,4.972677595628415
30019,1059,1198,139,11.602671118530884
30021,7182,6782,-400,-5.897965202005309
30023,5184,6722,1538,22.880095209759
30025,2337,2584,247,9.558823529411764
30027,8666,9184,518,5.640243902439025
30029,85728,99486,13758,13.829081478801037
30031,120366,144026,23660,16.42758946301362
30033,512,710,198,27.887323943661972
30035,7762,8114,352,4.3381809218634455
30037,280,498,218,43.77510040160642
30039,1599,1880,281,14.946808510638299
30041,13312,13722,410,2.9879026380994023
30043,4566,5314,748,14.076025592773805
30045,959,1092,133,12.179487179487179
30047,17740,19340,1600,8.273009307135471
30049,71706,78388,6682,8.524263917946625
30051,872,1086,214,19.70534069981584
30053,10450,12002,1552,12.93117813697717
30055,807,1128,321,28.45744680851064
30057,9844,8632,-1212,-14.040778498609823
30059,1251,1390,139,10.0
30061,2166,2300,134,5.826086956521739
30063,120690,129778,9088,7.002727735055249
30065,2450,2622,172,6.559877955758962
30067,11736,13636,1900,13.9337048987973
30069,117,198,81,40.909090909090914
30071,2444,2376,-68,-2.861952861952862
30073,3174,3236,62,1.9159456118665017
30075,769,1098,329,29.963570127504553
30077,3439,4740,1301,27.447257383966246
30079,392,948,556,58.64978902953587
30081,23834,26894,3060,11.378002528445007
30083,10678,10144,-534,-5.264195583596214
30085,6958,6924,-34,-0.49104563835932985
30087,7180,7206,26,0.36081043574798777
30089,5684,6530,846,12.955589586523736
30091,2538,2610,72,2.7586206896551726
30093,30746,33140,2394,7.223898611949306
30095,7196,7114,-82,-1.1526567332021367
30097,2908,3264,356,10.906862745098039
30099,3312,3456,144,4.166666666666666
30101,3616,3614,-2,-0.05534034311012728
30103,347,432,85,19.675925925925927
30105,5744,5782,38,0.6572120373573158
30107,995,1294,299,23.106646058732615
30109,336,490,154,31.428571428571427
30111,161924,174628,12704,7.274892915225507
30999,17990,27108,9118,33.635827062121884
31000,2103211,2205797,102586,4.65074528617094
31001,30086,31392,1306,4.160295616717635
31003,4842,4336,-506,-11.669741697416974
31005,125,172,47,27.325581395348834
31007,115,256,141,55.078125
31009,190,266,76,28.57142857142857
31011,4576,4970,394,7.927565392354125
31013,7244,7248,4,0.05518763796909492
31015,1138,1106,-32,-2.8933092224231465
31017,2374,2808,434,15.455840455840455
31019,53940,56410,2470,4.3786562666193936
31021,3462,3596,134,3.726362625139043
31023,5110,5278,168,3.183023872679045
31025,11096,11926,830,6.959584101962099
31027,5088,5590,502,8.980322003577818
31029,3592,3668,76,2.0719738276990185
31031,4180,4424,244,5.5153707052441225
31033,8018,7778,-240,-3.085626124967858
31035,3893,4158,265,6.373256373256374
31037,9996,10306,310,3.007956530176596
31039,7382,7594,212,2.7916776402422965
31041,8772,9158,386,4.2148940816772225
31043,25030,27226,2196,8.065819437302578
31045,5900,6312,412,6.527249683143219
31047,22908,23546,638,2.70958973923384
31049,1034,1096,62,5.656934306569343
31051,3350,3822,472,12.349555206698064
31053,35134,37366,2232,5.973344751913504
31055,678240,689664,11424,1.6564587973273943
31057,1084,1176,92,7.8231292517006805
31059,4338,4720,382,8.09322033898305
31061,1452,1566,114,7.2796934865900385
31063,1334,1666,332,19.92797118847539
31065,3736,3560,-176,-4.943820224719101
31067,15905,17474,1569,8.979054595398878
31069,972,1016,44,4.330708661417323
31071,1602,1576,-26,-1.6497461928934012
31073,728,926,198,21.382289416846653
31075,459,558,99,17.741935483870968
31077,959,1224,265,21.65032679738562
31079,67630,71960,4330,6.017231795441912
31081,7080,7616,536,7.03781512605042
31083,1600,1614,14,0.8674101610904585
31085,321,382,61,15.968586387434556
31087,1117,1254,137,10.925039872408293
31089,8506,8788,282,3.2089212562585345
31091,453,504,51,10.119047619047619
31093,3018,3152,134,4.251269035532995
31095,6588,6686,98,1.4657493269518396
31097,2222,2780,558,20.071942446043163
31099,4386,4044,-342,-8.456973293768547
31101,6188,6482,294,4.535637149028078
31103,214,284,70,24.647887323943664
31105,2754,2864,110,3.840782122905028
31107,5662,5662,0,0.0
31109,341864,350532,8668,2.472812753186585
31111,28068,29350,1282,4.367972742759796
31113,305,334,29,8.682634730538922
31115,167,220,53,24.09090909090909
31117,104,130,26,20.0
31119,43126,44956,1830,4.0706468547023755
31121,4312,4850,538,11.092783505154639
31123,2952,3126,174,5.566218809980806
31125,1984,1818,-166,-9.13091309130913
31127,4423,6040,1617,26.77152317880795
31129,3056,3222,166,5.152079453755432
31131,12156,12206,50,0.4096346059315091
31133,1446,1554,108,6.94980694980695
31135,2252,2228,-24,-1.0771992818671454
31137,9378,9818,440,4.481564473416174
31139,3736,3920,184,4.6938775510204085
31141,38200,39854,1654,4.1501480403472675
31143,2846,2906,60,2.064693737095664
31145,9670,10098,428,4.238463061992474
31147,4788,4662,-126,-2.7027027027027026
31149,906,934,28,2.9978586723768736
31151,13888,13598,-290,-2.1326665686130313
31153,145924,162856,16932,10.396915066070639
31155,10852,11604,752,6.480523957256118
31157,31774,32446,672,2.0711335757874623
31159,11496,12264,768,6.262230919765166
31161,3408,3526,118,3.3465683494044245
31163,1440,1472,32,2.1739130434782608
31165,243,370,127,34.32432432432432
31167,2612,2500,-112,-4.4799999999999995
31169,4462,4418,-44,-0.9959257582616569
31171,417,474,57,12.025316455696203
31173,4127,6694,2567,38.34777412608306
31175,3570,3494,-76,-2.1751574127074984
31177,15020,16912,1892,11.18732261116367
31179,7541,8640,1099,12.719907407407408
31181,2004,2110,106,5.023696682464455
31183,516,586,70,11.945392491467576
31185,14600,15416,816,5.293201868188895
31999,22879,76686,53807,70.16534960749028
32000,2986225,3284859,298634,9.091227355572947
32001,16684,18024,1340,7.434531735463826
32003,2064656,2241558,176902,7.891921600957905
32005,38788,40010,1222,3.0542364408897775
32007,44084,43440,-644,-1.4825046040515653
32009,264,662,398,60.12084592145015
32011,8575,221,-8354,-3780.0904977375567
32013,15416,15444,28,0.1813001813001813
32015,6868,7276,408,5.607476635514018
32017,2478,2584,106,4.102167182662539
32019,25120,27348,2228,8.146848032762907
32021,3526,2314,-1212,-52.37683664649957
32023,25750,27554,1804,6.547143790375263
32027,3029,3834,805,20.996348461137192
32029,34568,39070,4502,11.522907601740465
32031,449968,483070,33102,6.8524230442792975
32033,8408,8568,160,1.8674136321195145
32510,51788,63378,11590,18.28710278014453
32999,8174,1056,-7118,-674.0530303030303
33000,1410305,1465433,55128,3.7618915364946743
33001,50592,50276,-316,-0.6285305115761
33003,39346,35148,-4198,-11.943780584955046
33005,62584,63508,924,1.4549348113623481
33007,12899,24184,11285,46.66308303010255
33009,108054,109274,1220,1.1164595420685617
33011,411752,407984,-3768,-0.9235656300247068
33013,155398,155470,72,0.04631118543770502
33015,299594,313058,13464,4.300800490643907
33017,97080,94480,-2600,-2.75190516511431
33019,27000,25281,-1719,-6.799572801708793
33999,24141,94661,70520,74.49741709891084
34000,8669832,9179555,509723,5.552807298393005
34001,246796,248142,1346,0.5424313497916515
34003,878744,894290,15546,1.7383622762191235
34005,400616,425520,24904,5.852603872908442
34007,404264,417064,12800,3.0690733316709187
34009,65504,76220,10716,14.059302020467069
34011,116590,119792,3202,2.672966475223721
34013,686926,700174,13248,1.892101106296435
34015,208032,252756,44724,17.694535441295162
34017,539060,559942,20882,3.7293148218922676
34019,93148,92854,-294,-0.3166261011911172
34021,518044,533830,15786,2.9571211809002866
34023,848792,876388,27596,3.1488336216379045
34025,520566,545294,24728,4.534801409881642
34027,586948,605766,18818,3.1064800599571454
34029,332724,374390,41666,11.129036566147601
34031,333538,348880,15342,4.397500573263013
34033,39996,44664,4668,10.45137023105857
34035,375422,386834,11412,2.950102628000641
34037,75918,77708,1790,2.3034951356359707
34039,458748,464676,5928,1.2757276037497096
34041,63412,66580,3168,4.758185641333734
34999,270892,472792,201900,42.703768253269935
35000,1859112,1925616,66504,3.4536480793678495
35001,668310,696254,27944,4.013477839983684
35003,1188,1364,176,12.903225806451612
35005,43164,42860,-304,-0.7092860475968269
35006,15072,14086,-986,-6.999858015050404
35007,8798,8386,-412,-4.912950155020272
35009,34996,36330,1334,3.671896504266446
35011,874,962,88,9.147609147609149
35013,147706,158232,10526,6.652257444764649
35015,68204,64138,-4066,-6.339455548972528
35017,18674,19036,362,1.9016600126076908
35019,2882,2762,-120,-4.344677769732078
35021,314,330,16,4.848484848484849
35023,3118,2684,-434,-16.1698956780924
35025,65506,67360,1854,2.752375296912114
35027,13018,13670,652,4.769568397951719
35028,33459,44594,11135,24.969726869085527
35029,14726,15438,712,4.6119963725871225
35031,42218,40748,-1470,-3.6075390203200155
35033,1332,1330,-2,-0.15037593984962408
35035,36550,35642,-908,-2.5475562538578083
35037,5128,5030,-98,-1.94831013916501
35039,19630,19264,-366,-1.8999169435215946
35041,12038,12206,168,1.3763722759298707
35043,64646,69824,5178,7.415788267644363
35045,91146,93028,1882,2.023046824611945
35047,15448,15614,166,1.0631484565133855
35049,123408,124600,1192,0.956661316211878
35051,7020,7102,82,1.1546043368065333
35053,10236,9946,-290,-2.9157450231248743
35055,23490,23154,-336,-1.4511531484840632
35057,6702,6356,-346,-5.443675267463814
35059,2514,2450,-64,-2.612244897959184
35061,31000,34958,3958,11.32215801819326
35999,44106,51800,7694,14.853281853281853
36000,20321431,20691562,370131,1.7888016380783627
36001,464004,462744,-1260,-0.27228878170219384
36003,25840,27786,1946,7.003526956021018
36005,644442,654364,9922,1.5162814580264197
36007,164320,166100,1780,1.0716435881998796
36009,58036,56372,-1664,-2.9518200525083373
36011,49542,49960,418,0.8366693354683747
36013,93718,92274,-1444,-1.564904523484405
36015,70912,68164,-2748,-4.0314535531952345
36017,33914,34748,834,2.4001381374467594
36019,66658,66298,-360,-0.5430028055144952
36021,41622,41956,334,0.7960720755076747
36023,35690,34384,-1306,-3.7982782689623082
36025,28622,28612,-10,-0.034950370473927024
36027,224416,223192,-1224,-0.5484067529302126
36029,930292,934524,4232,0.4528508631131999
36031,29030,28928,-102,-0.35259955752212385
36033,34974,34594,-380,-1.0984563797190265
36035,32844,32956,112,0.33984706881903143
36037,45094,45858,764,1.6660124732871036
36039,30038,28832,-1206,-4.1828523862375135
36041,3016,2930,-86,-2.9351535836177476
36043,32276,30678,-1598,-5.208944520503292
36045,77088,78972,1884,2.385655675429266
36047,1624654,1795620,170966,9.521279558035664
36049,12940,14304,1364,9.53579418344519
36051,39684,38470,-1214,-3.155705744736158
36053,40650,41752,1102,2.639394520022993
36055,773368,765650,-7718,-1.0080323907790767
36057,37724,37852,128,0.33815914614815595
36059,1246732,1276668,29936,2.344853947933214
36061,5004048,4916256,-87792,-1.7857491554548828
36063,140430,135002,-5428,-4.020681175093702
36065,207702,204086,-3616,-1.7718020834354147
36067,491424,486562,-4862,-0.9992560043735433
36069,102840,105822,2982,2.8179395588818963
36071,297478,312312,14834,4.749737442045134
36073,22744,22476,-268,-1.192382986296494
36075,64092,64372,280,0.4349717268377556
36077,45550,43866,-1684,-3.8389641179957144
36079,52210,53756,1546,2.8759580325917105
36081,1429596,1505938,76342,5.069398607379587
36083,108294,114170,5876,5.146711044932994
36085,260860,274824,13964,5.081070066660845
36087,258546,271904,13358,4.912763328233495
36089,69746,70220,474,0.6750213614354884
36091,174694,179788,5094,2.8333370414043206
36093,122718,115734,-6984,-6.034527450878739
36095,15624,16078,454,2.823734295310362
36097,9178,9552,374,3.9154103852596314
36099,23560,20462,-3098,-15.140259994135471
36101,72926,70258,-2668,-3.7974323208744916
36103,1298480,1347398,48918,3.6305531105137456
36105,57034,60886,3852,6.32657753835036
36107,26250,26270,20,0.07613247049866768
36109,97080,95308,-1772,-1.8592353212741848
36111,117518,117114,-404,-0.3449630274775006
36113,71132,70242,-890,-1.2670482047777682
36115,30440,29604,-836,-2.8239427104445345
36117,55834,55282,-552,-0.9985166962121487
36119,846796,860894,14098,1.637599983273202
36121,26344,24664,-1680,-6.811547194291275
36123,12976,13886,910,6.5533630995247005
36999,275864,375652,99788,26.56394748330902
37000,9695131,10559658,864527,8.187073861672415
37001,125390,136878,11488,8.39287540729701
37003,16802,17386,584,3.359024502473254
37005,6098,6868,770,11.211415259172975
37007,14434,13512,-922,-6.82356423919479
37009,14422,14950,528,3.5317725752508364
37011,12754,14536,1782,12.259218492019814
37013,30920,31050,130,0.4186795491143317
37015,11272,10388,-884,-8.509819021948402
37017,26966,27112,146,0.5385069341988787
37019,64940,80010,15070,18.83514560679915
37021,265580,281742,16162,5.736453918833543
37023,60292,60062,-230,-0.38293763111451495
37025,154660,174554,19894,11.397046186280463
37027,50846,51902,1056,2.034603676158915
37029,2482,2588,106,4.095826893353941
37031,45700,49722,4022,8.088974699328265
37033,5772,5862,90,1.5353121801432956
37035,175078,181890,6812,3.7451206773324537
37037,31430,36110,4680,12.96039878150097
37039,15880,16052,172,1.071517567904311
37041,9152,10558,1406,13.316916082591401
37043,4108,4422,314,7.100859339665309
37045,71618,74538,2920,3.9174649172234295
37047,30332,30274,-58,-0.19158353702847328
37049,79014,83242,4228,5.079166766776387
37051,240728,251058,10330,4.114587067530212
37053,12274,14056,1782,12.67785998861696
37055,32266,37010,4744,12.818157254796
37057,88374,93776,5402,5.760535744753454
37059,26284,27724,1440,5.194055691819362
37061,37884,39776,1892,4.756637168141593
37063,439960,471746,31786,6.7379479635227435
37065,31440,30996,-444,-1.4324428958575302
37067,381672,389864,8192,2.1012455625551474
37069,24464,28026,3562,12.709626775137373
37071,147514,157238,9724,6.184255714267543
37073,3136,2854,-282,-9.880868955851437
37075,3748,3736,-12,-0.32119914346895073
37077,41342,40902,-440,-1.0757420175052566
37079,6942,9302,2360,25.37088798107934
37081,568472,583538,15066,2.581837001189297
37083,30856,30762,-94,-0.3055718093752032
37085,51926,57220,5294,9.252009786787836
37087,35228,35142,-86,-0.24472141596949518
37089,80020,87154,7134,8.185510705188518
37091,18304,17060,-1244,-7.291910902696366
37093,17262,18476,1214,6.570686295735008
37095,3188,3442,254,7.3794305636257995
37097,153528,168914,15386,9.10877724759345
37099,27270,29278,2008,6.85839196666439
37101,103656,120890,17234,14.255935147654894
37103,3212,3358,146,4.3478260869565215
37105,52236,52868,632,1.1954301278656276
37107,57266,59064,1798,3.044155492347284
37109,49936,56560,6624,11.711456859971712
37111,31462,31456,-6,-0.019074262461851475
37113,22110,25372,3262,12.85669241683746
37115,7838,8356,518,6.199138343705122
37117,12844,12356,-488,-3.949498219488508
37119,1448176,1586980,138804,8.746424025507569
37121,9178,10288,1110,10.789269051321929
37123,18408,18026,-382,-2.1191612115832688
37125,73274,79902,6628,8.295161572926837
37127,80946,80134,-812,-1.013302717947438
37129,235812,260462,24650,9.463952515146163
37131,10788,10000,-788,-7.88
37133,98222,109972,11750,10.684537882370059
37135,108874,157382,48508,30.821822063514254
37137,6258,7244,986,13.61126449475428
37139,30116,32386,2270,7.009201506823937
37141,24704,28460,3756,13.197470133520731
37143,4204,5032,828,16.454689984101748
37145,19198,19030,-168,-0.882816605359958
37147,154110,164386,10276,6.25114060808098
37149,10148,11036,888,8.04639362087713
37151,89204,86302,-2902,-3.362610368241756
37153,27062,29142,2080,7.137464827396885
37155,78998,77562,-1436,-1.851422088135943
37157,49496,50312,816,1.6218794720941325
37159,95926,103216,7290,7.062858471554797
37161,36616,36490,-126,-0.3453000822143053
37163,35924,34356,-1568,-4.5639771801141
37165,23494,23508,14,0.05955419431682832
37167,38408,47330,8922,18.850623283329814
37169,15454,15412,-42,-0.2725149234362834
37171,56150,58990,2840,4.814375317850484
37173,19310,21618,2308,10.676288278286613
37175,18276,19420,1144,5.890834191555098
37177,1858,2020,162,8.01980198019802
37179,130116,148558,18442,12.414006650601111
37181,28772,28408,-364,-1.281329203041397
37183,1147136,1307914,160778,12.29270426037186
37185,6004,6046,42,0.6946741647370162
37187,6322,6276,-46,-0.7329509241555131
37189,41411,51570,10159,19.69943765755284
37191,83268,84398,1130,1.338894286594469
37193,41248,38182,-3066,-8.029961762086847
37195,72450,72714,264,0.36306625959237565
37197,19670,20216,546,2.7008310249307477
37199,8818,9070,252,2.778390297684675
37999,261699,462248,200549,43.385585226977724
38000,901661,930358,28697,3.084511553616995
38001,1721,1674,-47,-2.807646356033453
38003,8918,9210,292,3.1704668838219328
38005,3908,4164,256,6.147934678194044
38007,599,1044,445,42.62452107279693
38009,4482,4930,448,9.087221095334685
38011,2852,2748,-104,-3.7845705967976713
38013,1090,1426,336,23.56241234221599
38015,110440,115026,4586,3.9869246952862833
38017,238940,256068,17128,6.6888482746770395
38019,2395,2436,41,1.6830870279146142
38021,3408,3554,146,4.108047270680923
38023,1330,1572,242,15.394402035623408
38025,4106,4086,-20,-0.4894762604013705
38027,1253,1460,207,14.178082191780822
38029,1621,1878,257,13.684771033013845
38031,3058,3118,60,1.9243104554201411
38033,1089,1326,237,17.873303167420815
38035,78906,80858,1952,2.4141086843602366
38037,971,1248,277,22.195512820512818
38039,1451,1594,143,8.971141781681306
38041,1350,1326,-24,-1.809954751131222
38043,1123,1664,541,32.512019230769226
38045,2266,2794,528,18.89763779527559
38047,1077,1300,223,17.153846153846153
38049,2082,2748,666,24.23580786026201
38051,1751,2006,255,12.711864406779661
38053,23344,22388,-956,-4.270144720385921
38055,6700,6806,106,1.5574493094328532
38057,7932,8326,394,4.7321643045880375
38059,23028,24744,1716,6.935014548981572
38061,12352,10732,-1620,-15.095042862467386
38063,1612,1978,366,18.503538928210315
38065,1252,1366,114,8.345534407027818
38067,6116,6556,440,6.7114093959731544
38069,3158,3178,20,0.6293266205160478
38071,11074,11212,138,1.2308241170174812
38073,3502,4040,538,13.316831683168317
38075,1502,1428,-74,-5.182072829131653
38077,13058,15934,2876,18.04945399774068
38079,8592,9272,680,7.333908541846419
38081,7368,5638,-1730,-30.68463994324229
38083,337,482,145,30.08298755186722
38085,1900,2916,1016,34.84224965706447
38087,149,196,47,23.97959183673469
38089,38990,38840,-150,-0.3861997940267765
38091,1096,1088,-8,-0.7352941176470588
38093,21594,22096,502,2.271904417089066
38095,1188,1300,112,8.615384615384615
38097,5954,7078,1124,15.880192144673636
38099,8051,9472,1421,15.002111486486486
38101,62162,63126,964,1.527104521116497
38103,2527,2862,335,11.705101327742836
38105,57420,53562,-3858,-7.20286770471603
38999,2525,6242,3717,59.54822172380647
39000,11450464,11770174,319710,2.7162725037030038
39001,11764,13404,1640,12.235153685467024
39003,99720,99342,-378,-0.38050371444102193
39005,37166,37008,-158,-0.4269347168179853
39007,59836,59222,-614,-1.0367768734591876
39009,34244,42368,8124,19.17484894259819
39011,43830,44074,244,0.5536143758224804
39013,41946,41718,-228,-0.5465266791313103
39015,15256,15826,570,3.6016681410337417
39017,309908,324708,14800,4.5579412887886965
39019,12470,11914,-556,-4.666778579822059
39021,21288,21002,-286,-1.3617750690410437
39023,92448,94344,1896,2.009666751462732
39025,116814,123672,6858,5.545313409664273
39027,35382,38608,3226,8.355781185246581
39029,58588,56428,-2160,-3.827886864677111
39031,19254,19442,188,0.9669787058944553
39033,25224,25284,60,0.23730422401518747
39035,1444256,1420516,-23740,-1.6712236961780085
39037,35832,36610,778,2.1251024310297733
39039,30296,31154,858,2.7540604737754384
39041,175754,192414,16660,8.658413628945919
39043,68554,67218,-1336,-1.9875628551875986
39045,87710,93674,5964,6.366761321177701
39047,22196,21850,-346,-1.5835240274599542
39049,1525572,1562398,36826,2.357017866126301
39051,35236,36522,1286,3.5211653250095836
39053,22120,22830,710,3.1099430573806397
39055,69374,71690,2316,3.230576091505091
39057,144188,159428,15240,9.559174047218807
39059,28922,28810,-112,-0.388753904894134
39061,1031990,1032852,862,0.08345823022078672
39063,91140,89076,-2064,-2.317122457227536
39065,16294,15250,-1044,-6.845901639344262
39067,7158,7420,262,3.5309973045822103
39069,20654,21160,506,2.391304347826087
39071,20204,21712,1508,6.945467943994105
39073,12760,14444,1684,11.658820271392965
39075,39404,42808,3404,7.951784713137731
39077,40192,42950,2758,6.421420256111758
39079,20542,20768,226,1.0882126348228043
39081,40682,40378,-304,-0.752885234533657
39083,39726,40754,1028,2.5224517838739757
39085,190092,194866,4774,2.4498886414253898
39087,26706,27696,990,3.5745233968804158
39089,132006,142082,10076,7.091679452710406
39091,37580,38476,896,2.3287243996257407
39093,192052,196092,4040,2.060257430185831
39095,412992,395328,-17664,-4.468188440990772
39097,37152,48478,11326,23.363175048475597
39099,191274,188842,-2432,-1.2878491013651623
39101,48550,46512,-2038,-4.381664946680427
39103,118996,124796,5800,4.647584858489054
39105,7286,6908,-378,-5.471916618413434
39107,40010,40966,956,2.333642532832105
39109,80568,83868,3300,3.9347546143940475
39111,5822,5754,-68,-1.1817865832464372
39113,506880,505312,-1568,-0.31030333734405674
39115,5348,5908,560,9.47867298578199
39117,10818,10514,-304,-2.8913829180140764
39119,66804,71194,4390,6.166249964884681
39121,5826,6062,236,3.8931045859452325
39123,24124,26080,1956,7.5
39125,9740,9868,128,1.2971220105391164
39127,12758,12486,-272,-2.178439852634951
39129,27604,34788,7184,20.65079912613545
39131,18824,20922,2098,10.027722015103718
39133,97453,113834,16381,14.390252472899135
39135,21134,22570,1436,6.362428001772264
39137,23114,24784,1670,6.738218205293737
39139,98806,97950,-856,-0.8739152628892293
39141,58422,60066,1644,2.736989311757067
39143,49784,50952,1168,2.2923535876903753
39145,46772,49782,3010,6.0463621389257165
39147,37968,38204,236,0.6177363626845357
39149,53780,54188,408,0.7529342289805862
39151,313586,317568,3982,1.2539046755340588
39153,529814,524398,-5416,-1.0328033287693699
39155,123624,131514,7890,5.999361284730142
39157,71260,74926,3666,4.89282758988869
39159,65460,68600,3140,4.577259475218659
39161,22742,23582,840,3.5620388431854804
39163,4590,4474,-116,-2.592758158247653
39165,189610,200910,11300,5.624408939326067
39167,48996,49942,946,1.894197268831845
39169,96328,96940,612,0.6313183412420054
39171,34764,32872,-1892,-5.75565831102458
39173,134530,154078,19548,12.68708056958164
39175,19430,20834,1404,6.73898435250072
39999,241762,375794,134032,35.66634911680335
40000,3550323,3741889,191566,5.119499803441524
40001,8890,8900,10,0.11235955056179776
40003,2934,2542,-392,-15.420928402832415
40005,6792,6668,-124,-1.859628074385123
40007,2882,2822,-60,-2.1261516654854713
40009,17962,19870,1908,9.602415702063412
40011,6212,6052,-160,-2.6437541308658297
40013,39004,43882,4878,11.116175197119547
40015,15222,14448,-774,-5.357142857142857
40017,69570,77706,8136,10.470233958767663
40019,45948,47588,1640,3.4462469530133646
40021,31716,36286,4570,12.594389020558893
40023,8286,10566,2280,21.578648495173198
40025,1494,1276,-218,-17.0846394984326
40027,169614,188930,19316,10.22389244693802
40029,2384,2380,-4,-0.16806722689075632
40031,83906,83272,-634,-0.7613603612258623
40033,3292,3632,340,9.361233480176212
40035,10308,10150,-158,-1.5566502463054186
40037,38306,42748,4442,10.39112940956302
40039,25004,24960,-44,-0.1762820512820513
40041,17742,18654,912,4.889031843036347
40043,3560,4086,526,12.873225648556044
40045,2298,1879,-419,-22.299095263437998
40047,47682,46778,-904,-1.932532387019539
40049,19838,19862,24,0.12083375289497532
40051,25990,28000,2010,7.178571428571429
40053,2612,2702,90,3.3308660251665434
40055,1918,1856,-62,-3.34051724137931
40057,689,1298,609,46.91833590138675
40059,2212,2290,78,3.406113537117904
40061,6694,7462,768,10.292146877512732
40063,6114,5886,-228,-3.873598369011213
40065,18768,19612,844,4.30348766061595
40067,2252,1970,-282,-14.31472081218274
40069,5670,7136,1466,20.54372197309417
40071,35272,34530,-742,-2.1488560671879524
40073,13620,13566,-54,-0.3980539584254755
40075,3720,3944,224,5.679513184584178
40077,4592,6042,1450,23.99867593512082
40079,24900,23204,-1696,-7.309084640579211
40081,13688,15212,1524,10.018406521167499
40083,15042,17464,2422,13.868529546495648
40085,12690,11682,-1008,-8.628659476117104
40087,19760,24374,4614,18.93000738491836
40089,22718,24582,1864,7.5827841510048
40091,8530,9182,652,7.100849488128948
40093,4564,4316,-248,-5.746061167747914
40095,8594,10046,1452,14.453513836352776
40097,25716,27120,1404,5.176991150442478
40099,10948,9726,-1222,-12.564260744396464
40101,60852,56034,-4818,-8.598351001177857
40103,9160,9534,374,3.922802601216698
40105,3664,3530,-134,-3.7960339943342776
40107,4720,5044,324,6.4234734337827115
40109,925686,990910,65224,6.582232493364685
40111,19214,20444,1230,6.016435139894345
40113,13184,15408,2224,14.434060228452752
40115,25118,26042,924,3.548114584133323
40117,6852,7000,148,2.1142857142857143
40119,54015,57163,3148,5.50705876178647
40121,32054,30146,-1908,-6.329197903536124
40123,38924,39764,840,2.112463534855648
40125,45154,46174,1020,2.2090353878806255
40127,5146,5328,182,3.415915915915916
40129,1377,1826,449,24.589266155531217
40131,53782,61504,7722,12.555280957336109
40133,14500,14896,396,2.6584317937701396
40135,18554,19164,610,3.1830515549989564
40137,29824,30698,874,2.847091015701349
40139,19054,19602,548,2.7956330986634015
40141,3492,3080,-412,-13.376623376623375
40143,717936,738788,20852,2.8224605705560997
40145,18872,21604,2732,12.645806332160712
40147,37514,38482,968,2.5154617743360532
40149,3972,4116,144,3.498542274052478
40151,6700,6574,-126,-1.9166413142683298
40153,16828,16698,-130,-0.7785363516588814
40999,20569,58498,37929,64.83811412355978
41000,4161546,4276599,115053,2.690291982016551
41001,10868,11226,358,3.189025476572243
41003,76140,77970,1830,2.3470565602154676
41005,337802,345688,7886,2.2812478304135517
41007,36754,37798,1044,2.7620509021641357
41009,23572,23526,-46,-0.1955283516109836
41011,46558,46484,-74,-0.15919456156957235
41013,12840,14408,1568,10.882842865074958
41015,12926,12980,54,0.41602465331278893
41017,171044,185086,14042,7.586743459797067
41019,77718,77580,-138,-0.17788089713843774
41021,1512,1714,202,11.785297549591599
41023,4722,4974,252,5.066344993968637
41025,4848,5152,304,5.900621118012422
41027,27116,27732,616,2.2212606375306505
41029,180262,181610,1348,0.7422498761081437
41031,13420,13896,476,3.425446171560161
41033,57156,62652,5496,8.772265849454127
41035,44740,46640,1900,4.073756432246999
41037,4944,4802,-142,-2.9571012078300707
41039,315604,314300,-1304,-0.41489023226216987
41041,35896,36376,480,1.3195513525401363
41043,95278,97404,2126,2.18266190300193
41045,25306,26638,1332,5.0003754035588255
41047,310974,338796,27822,8.21202139340488
41049,11548,13250,1702,12.845283018867926
41051,1043158,1016224,-26934,-2.650399911830463
41053,40884,42756,1872,4.378332865562728
41055,1826,1878,52,2.768903088391906
41057,19128,19696,568,2.883834281072299
41059,59978,66624,6646,9.975384245917388
41061,20218,20946,728,3.4756039339253317
41063,4894,5416,522,9.63810930576071
41065,20946,21450,504,2.3496503496503496
41067,603354,618522,15168,2.4522975738938952
41069,470,674,204,30.267062314540063
41071,73056,77200,4144,5.367875647668393
41999,50403,80880,30477,37.681750741839764
42000,12415147,12736487,321340,2.522987696685907
42001,69752,66488,-3264,-4.909156539525929
42003,1377698,1346262,-31436,-2.3350581090456393
42005,32308,31604,-704,-2.2275661308695103
42007,113462,96406,-17056,-17.691844905918718
42009,30506,33000,2494,7.557575757575758
42011,347580,345412,-2168,-0.6276562481905666
42013,115682,115890,208,0.17948054189317456
42015,44394,45172,778,1.722305853183388
42017,524848,545090,20242,3.713515199324882
42019,172850,173856,1006,0.5786397938523835
42021,98730,95882,-2848,-2.970317682150977
42023,3542,3224,-318,-9.863523573200993
42025,32688,32804,116,0.3536154127545421
42027,135984,136180,196,0.14392715523571742
42029,501068,506548,5480,1.081832323886384
42031,25120,24486,-634,-2.5892346647063627
42033,59160,58794,-366,-0.6225125012756403
42035,25720,25086,-634,-2.527306067129076
42037,48902,48496,-406,-0.8371824480369515
42039,58744,58218,-526,-0.9035006355422721
42041,271408,278738,7330,2.6297096197863223
42043,367160,380342,13182,3.4658281231102532
42045,448032,444198,-3834,-0.863128604811368
42047,28432,27034,-1398,-5.1712658134201375
42049,240778,238054,-2724,-1.1442781889823317
42051,77332,75696,-1636,-2.1612766856901287
42053,2735,1897,-838,-44.17501317870322
42055,119790,118478,-1312,-1.1073785850537654
42057,11678,10726,-952,-8.875629311952265
42059,25142,23794,-1348,-5.6652937715390435
42061,24486,24478,-8,-0.03268240869352071
42063,58370,55970,-2400,-4.288011434697159
42065,30884,28770,-2114,-7.347931873479318
42067,13674,12420,-1254,-10.096618357487923
42069,193324,197944,4620,2.333993452693691
42071,486596,504950,18354,3.6348153282503217
42073,55474,54052,-1422,-2.630799970398875
42075,101456,106774,5318,4.980613257909229
42077,386878,406294,19416,4.77880549552787
42079,289058,293972,4914,1.6715877702638346
42081,101470,99418,-2052,-2.0640125530588023
42083,28806,27942,-864,-3.0921193901653425
42085,89156,87188,-1968,-2.2571913566087076
42087,31858,32576,718,2.2040766208251474
42089,113220,112488,-732,-0.6507360785150417
42091,1010520,1018446,7926,0.7782445019176274
42093,32090,33440,1350,4.037081339712919
42095,237124,246168,9044,3.6739137499593775
42097,53382,53016,-366,-0.6903576278859213
42099,15642,15928,286,1.7955801104972375
42101,1406400,1424640,18240,1.280323450134771
42103,21792,23702,1910,8.058391696903215
42105,10352,9758,-594,-6.087312973970076
42107,99354,99914,560,0.5604820145324979
42109,30490,31146,656,2.106209465099852
42111,48550,46592,-1958,-4.202438186813187
42113,2752,2806,54,1.924447612259444
42115,17838,18410,572,3.1070070613796847
42117,25188,25192,4,0.015878056525881232
42119,34736,34936,200,0.572475383558507
42121,34780,32852,-1928,-5.868744673079265
42123,28166,26120,-2046,-7.833078101071976
42125,172294,173094,800,0.46217662079563704
42127,28444,29894,1450,4.850471666555162
42129,261580,260402,-1178,-0.45237747789955535
42131,18786,18494,-292,-1.5788904509570674
42133,357184,370936,13752,3.707378092177626
42999,185157,316816,131659,41.55692894298268
44000,1014165,1048385,34220,3.264068066597672
44001,27348,30286,2938,9.700851878755861
44003,150166,152126,1960,1.2884056637261216
44005,77140,83264,6124,7.354919292851653
44007,573294,577446,4152,0.7190282727735581
44009,103034,113928,10894,9.562179622217542
44999,21092,28882,7790,26.971816356208016
45000,4569389,4923765,354376,7.1972565709370775
45001,11088,10838,-250,-2.3066986528879867
45003,121814,130526,8712,6.674532277094218
45005,5310,5060,-250,-4.940711462450593
45007,133144,145716,12572,8.627741634412143
45009,6586,7282,696,9.557813787421038
45011,9958,9718,-240,-2.469643959662482
45013,134058,141148,7090,5.023096324425426
45015,113702,133172,19470,14.62019043042081
45017,9542,9426,-116,-1.23063865902822
45019,513076,558090,45014,8.065724166353098
45021,41590,37048,-4542,-12.259771107752107
45023,20180,20452,272,1.3299432818306278
45025,29140,29026,-114,-0.3927513263970233
45027,13606,14078,472,3.3527489700241513
45029,21080,20896,-184,-0.880551301684533
45031,40968,40268,-700,-1.738353034667726
45033,18444,19250,806,4.187012987012987
45035,71520,80844,9324,11.533323437731928
45037,10594,11488,894,7.782033426183845
45039,10722,11660,938,8.044596912521442
45041,131364,137490,6126,4.45559677067423
45043,47354,50678,3324,6.559059157819962
45045,550704,594488,43784,7.364993069666672
45047,57156,56522,-634,-1.1216871306747815
45049,9148,9826,678,6.9000610624872785
45051,250094,280158,30064,10.731087457791674
45053,19894,22248,2354,10.580726357425387
45055,34308,37094,2786,7.51064862241872
45057,51552,55740,4188,7.513455328310011
45059,41944,40272,-1672,-4.151767977751291
45061,7302,7846,544,6.933469283711445
45063,244952,267876,22924,8.557690871895952
45065,1997,2344,347,14.803754266211605
45067,13642,13770,128,0.9295570079883806
45069,13122,11384,-1738,-15.26704146170063
45071,28658,29078,420,1.4443909484833894
45073,47762,50966,3204,6.286543970490131
45075,56742,57006,264,0.4631091464056415
45077,63207,68796,5589,8.124018838304552
45079,442288,453772,11484,2.5307863861146127
45081,9976,9772,-204,-2.0875972165370444
45083,300288,312876,12588,4.023319142407855
45085,74106,72082,-2024,-2.8079132099553283
45087,15528,14788,-740,-5.004057343792264
45089,16656,14650,-2006,-13.69283276450512
45091,200110,212142,12032,5.671672747499317
45999,66614,115213,48599,42.18187183737946
46000,914916,988317,73401,7.426868100012446
46003,1794,1626,-168,-10.33210332103321
46005,16708,17280,572,3.3101851851851856
46007,1658,1700,42,2.4705882352941173
46009,3334,3434,100,2.9120559114735003
46011,31584,34349,2765,8.049724882820462
46013,39888,39478,-410,-1.038553118192411
46015,3652,4078,426,10.446297204512016
46017,934,1130,196,17.345132743362832
46019,5424,5890,466,7.911714770797963
46021,802,830,28,3.3734939759036147
46023,6438,6990,552,7.896995708154507
46025,2292,2636,344,13.050075872534142
46027,9408,9785,377,3.852835973428717
46029,32068,34552,2484,7.189164158369993
46031,1592,1504,-88,-5.851063829787234
46033,3772,4430,658,14.853273137697517
46035,23900,25208,1308,5.188828943192638
46037,3592,3800,208,5.473684210526316
46039,2520,3046,526,17.26854891661195
46041,4448,4848,400,8.25082508250825
46043,2032,2056,24,1.1673151750972763
46045,1939,2165,226,10.43879907621247
46047,4684,4896,212,4.330065359477124
46049,1003,1216,213,17.516447368421055
46051,7490,7866,376,4.780066107297229
46053,2812,3230,418,12.941176470588237
46055,1554,1582,28,1.7699115044247788
46057,3990,5134,1144,22.282820412933386
46059,2606,3092,486,15.71798188874515
46061,1202,1252,50,3.993610223642172
46063,902,896,-6,-0.6696428571428571
46065,20590,21956,1366,6.221533977044999
46067,5536,5598,62,1.1075384065737763
46069,923,903,-20,-2.2148394241417497
46071,1192,1252,60,4.792332268370607
46073,2778,3092,314,10.155239327296249
46075,728,758,30,3.95778364116095
46077,3286,3648,362,9.923245614035087
46079,8735,10592,1857,17.532099697885194
46081,23586,26364,2778,10.53709604005462
46083,47294,58290,10996,18.86429919368674
46085,2580,2880,300,10.416666666666668
46087,2484,2628,144,5.47945205479452
46089,992,992,0,0.0
46091,3152,3346,194,5.797967722653915
46093,14448,16588,2140,12.90089221123704
46095,640,670,30,4.477611940298507
46097,1410,1601,191,11.930043722673329
46099,255764,275272,19508,7.086808683774594
46101,4594,4964,370,7.453666398066076
46102,7398,7580,182,2.4010554089709766
46103,112102,122290,10188,8.331016436339848
46105,2078,2258,180,7.971656333038086
46107,1474,1650,176,10.666666666666668
46109,6728,7182,454,6.3213589529379
46111,1132,1262,130,10.301109350237718
46115,3564,3851,287,7.452609711763178
46117,2346,2632,286,10.866261398176292
46119,1189,1391,202,14.521926671459381
46121,5802,5890,88,1.494057724957555
46123,4282,4700,418,8.893617021276595
46125,4136,4676,540,11.548331907613345
46127,19374,19648,274,1.394543973941368
46129,3910,4074,164,4.025527736867943
46135,25272,26370,1098,4.163822525597269
46137,412,418,6,1.4354066985645932
46999,3954,5438,1484,27.28944464876793
47000,6476410,7017266,540856,7.7075031785883565
47001,80476,89646,9170,10.229123441090511
47003,31798,36232,4434,12.237800839037314
47005,8124,8556,432,5.049088359046284
47007,3153,4918,1765,35.88857259048394
47009,101688,110590,8902,8.049552400759561
47011,88630,86100,-2530,-2.938443670150987
47013,18418,18908,490,2.5914956632113393
47015,4756,5112,356,6.964006259780908
47017,13036,15588,2552,16.371567872722608
47019,23138,24082,944,3.9199402043019678
47021,16828,18934,2106,11.122847787049752
47023,7190,7778,588,7.5597840061712525
47025,17962,18212,250,1.3727212826707664
47027,2594,2898,304,10.48999309868875
47029,14604,15972,1368,8.564988730277987
47031,52578,53922,1344,2.492489150995883
47033,7226,8260,1034,12.518159806295401
47035,35034,38358,3324,8.665728140153291
47037,1030168,1115206,85038,7.625317654316781
47039,6756,6946,190,2.7353872732507916
47041,10920,11416,496,4.344779257182902
47043,35340,38172,2832,7.419050613014775
47045,29834,34520,4686,13.574739281575898
47047,15402,16074,672,4.180664427025009
47049,10260,11576,1316,11.36834830684174
47051,22982,23678,696,2.939437452487541
47053,28022,30210,2188,7.242634889109565
47055,19754,20298,544,2.680067001675042
47057,7772,8036,264,3.285216525634644
47059,49296,50304,1008,2.0038167938931295
47061,4340,4514,174,3.8546743464776254
47063,64712,68962,4250,6.16281430352948
47065,413870,444108,30238,6.808704189071127
47067,1878,2068,190,9.18762088974855
47069,13666,13438,-228,-1.6966810537282333
47071,15922,16720,798,4.772727272727273
47073,25066,24386,-680,-2.788485196424178
47075,9942,13946,4004,28.710741431234766
47077,15876,16356,480,2.93470286133529
47079,22738,23638,900,3.807428716473475
47081,7388,8218,830,10.0997809686055
47083,3012,2920,-92,-3.1506849315068495
47085,11824,12044,220,1.8266356692128862
47087,2836,3254,418,12.845728334357714
47089,26194,27588,1394,5.052921560098594
47091,8854,8806,-48,-0.5450828980240745
47093,480078,525666,45588,8.672426978347469
47095,2241,2938,697,23.723621511232132
47097,13646,13148,-498,-3.787648311530271
47099,21922,23956,2034,8.49056603773585
47101,5710,6596,886,13.432383262583384
47103,18088,20492,2404,11.731407378489166
47105,33888,35528,1640,4.616077460031525
47107,38012,34730,-3282,-9.450043190325367
47109,11504,11016,-488,-4.429920116194626
47111,9838,10666,828,7.76298518657416
47113,118176,123298,5122,4.154163084559361
47115,14700,16408,1708,10.409556313993173
47117,19222,20284,1062,5.2356537172155395
47119,75190,85328,10138,11.881211325707856
47121,4420,3936,-484,-12.296747967479675
47123,29020,30742,1722,5.6014572897013855
47125,113386,126904,13518,10.652146504444303
47127,3735,4848,1113,22.957920792079207
47129,4590,7604,3014,39.637033140452395
47131,21520,24368,2848,11.687458962573867
47133,9876,11164,1288,11.537083482622716
47135,3230,3258,28,0.8594229588704727
47137,1892,1670,-222,-13.293413173652693
47139,4130,5408,1278,23.631656804733726
47141,75454,80240,4786,5.9646061814556335
47143,21608,24288,2680,11.03425559947299
47145,38480,41290,2810,6.805521918139985
47147,43846,47474,3628,7.64207776888402
47149,267106,296870,29764,10.025937278943646
47151,11466,11518,52,0.4514672686230248
47153,6208,7090,882,12.440056417489421
47155,95306,107326,12020,11.199522948772897
47157,990948,986450,-4498,-0.4559785087941609
47159,10196,10718,522,4.870311625303228
47161,5686,6086,400,6.572461386789352
47163,136236,140226,3990,2.8454067006118695
47165,111872,125568,13696,10.9072375127421
47167,22724,23964,1240,5.174428309130362
47169,3672,4166,494,11.85789726356217
47171,9450,10254,804,7.840842598010532
47173,4914,5736,822,14.330543933054393
47175,1578,1874,296,15.795090715048026
47177,25732,26888,1156,4.299315679857186
47179,121636,132232,10596,8.013188940649767
47181,7722,8262,540,6.535947712418301
47183,21836,22146,310,1.3998013185225322
47185,14470,15086,616,4.083255998939414
47187,278808,318428,39620,12.44237315813936
47189,100746,136724,35978,26.314326672712912
47999,121051,218720,97669,44.6548098024872
48000,27149180,29863620,2714440,9.089453991177225
48001,40106,40304,198,0.49126637554585156
48003,15658,15192,-466,-3.0674038967877832
48005,69528,71522,1994,2.787953357009032
48007,11282,12836,1554,12.106575257089435
48009,3284,3542,258,7.284020327498589
48011,770,970,200,20.618556701030926
48013,28190,28492,302,1.059946651691703
48015,21352,26472,5120,19.34119069205198
48017,5026,4854,-172,-3.5434693036670786
48019,6854,7376,522,7.077006507592191
48021,37976,44288,6312,14.252167630057805
48023,2942,3090,148,4.789644012944984
48025,17832,16534,-1298,-7.850489899600823
48027,243184,261330,18146,6.943711016722152
48029,1752316,1877494,125178,6.667291613182252
48031,7160,8306,1146,13.797254996388153
48033,644,982,338,34.419551934826885
48035,7450,8072,622,7.705649157581764
48037,82854,83208,354,0.4254398615517739
48039,233752,244020,10268,4.207851815424965
48041,216038,250300,34262,13.68837395125849
48043,8282,9198,916,9.958686671015437
48045,666,804,138,17.16417910447761
48047,5838,4832,-1006,-20.819536423841058
48049,30278,31876,1598,5.013176057221734
48051,9326,9314,-12,-0.12883830792355594
48053,29742,33658,3916,11.634678234000832
48055,17808,20468,2660,12.99589603283174
48057,25826,27258,1432,5.253503558588305
48059,4984,5836,852,14.599040438656614
48061,286542,313856,27314,8.702717169657422
48063,7496,7778,282,3.625610696837233
48065,10132,13340,3208,24.047976011994002
48067,15232,15322,90,0.5873906800678763
48069,5014,4964,-50,-1.0072522159548751
48071,38444,41640,3196,7.675312199807877
48073,29560,29798,238,0.7987113229075776
48075,4916,5694,778,13.663505444327361
48077,3024,3436,412,11.990686845168801
48079,1382,1474,92,6.241519674355495
48081,1360,1684,324,19.239904988123516
48083,3932,4296,364,8.472998137802607
48085,837470,1021149,183679,17.98748272778997
48087,1638,1690,52,3.076923076923077
48089,13776,15020,1244,8.282290279627164
48091,117632,146732,29100,19.832074803042282
48093,7622,8930,1308,14.647256438969764
48095,1846,1932,86,4.451345755693581
48097,29480,32800,3320,10.121951219512196
48099,31152,30130,-1022,-3.391968138068371
48101,810,1658,848,51.145958986731
48103,2238,2674,436,16.30516080777861
48105,2764,2738,-26,-0.9495982468955442
48107,2406,2388,-18,-0.7537688442211055
48109,2596,3060,464,15.163398692810457
48111,8594,9144,550,6.014873140857393
48113,3467282,3713698,246416,6.635326835946273
48115,8616,8538,-78,-0.9135628952916374
48117,15690,16920,1230,7.2695035460992905
48119,2032,1886,-146,-7.741251325556734
48121,531472,631160,99688,15.794410292160466
48123,15102,14450,-652,-4.5121107266435985
48125,876,716,-160,-22.3463687150838
48127,12968,11700,-1268,-10.837606837606838
48129,1828,1818,-10,-0.5500550055005501
48131,6898,7510,612,8.1491344873502
48133,14290,12008,-2282,-19.003997335109926
48135,158508,157796,-712,-0.45121549342188644
48137,1178,1246,68,5.457463884430177
48139,105886,123324,17438,14.13998897213843
48141,625304,663896,38592,5.812958656175064
48143,33788,38076,4288,11.261687152011767
48145,6272,6068,-204,-3.3618984838497035
48147,16060,17538,1478,8.42741475652868
48149,18170,18228,58,0.3181917928461707
48151,1698,1666,-32,-1.9207683073229291
48153,2892,3120,228,7.307692307692308
48155,790,792,2,0.25252525252525254
48157,394686,498598,103912,20.840837708935855
48159,6498,6750,252,3.733333333333334
48161,9130,9382,252,2.6859944574717542
48163,14914,13060,-1854,-14.196018376722819
48165,13276,13640,364,2.6686217008797657
48167,222426,245676,23250,9.463683876324916
48169,3536,3306,-230,-6.957047791893527
48171,21922,25134,3212,12.779501869976922
48173,1105,1418,313,22.073342736248236
48175,2676,2926,250,8.544087491455912
48177,15012,14372,-640,-4.453103256331756
48179,15066,14948,-118,-0.7894032646507895
48181,95546,105416,9870,9.362905061850194
48183,150494,151078,584,0.38655528932074823
48185,14226,15712,1486,9.457739307535642
48187,83286,96054,12768,13.292522955837342
48189,22562,22142,-420,-1.8968476199078674
48191,1608,1638,30,1.8315018315018317
48193,5418,5914,496,8.386878593168753
48195,3892,4414,522,11.826008155867694
48197,2648,2640,-8,-0.30303030303030304
48199,26134,24442,-1692,-6.9225104328614675
48201,4698024,4909142,211118,4.300507094722458
48203,45484,43734,-1750,-4.001463392326336
48205,4908,4992,84,1.6826923076923077
48207,3980,3162,-818,-25.869702719797594
48209,134950,174674,39724,22.7417932834881
48211,3974,2864,-1110,-38.75698324022346
48213,35500,38474,2974,7.729895513853512
48215,536554,586534,49980,8.521245145208974
48217,19618,22602,2984,13.202371471551192
48219,19570,18390,-1180,-6.416530723219141
48221,32624,36804,4180,11.35746114552766
48223,26032,28958,2926,10.104288970232751
48225,13500,15324,1824,11.902897415818323
48227,27474,25800,-1674,-6.488372093023257
48229,2950,2478,-472,-19.047619047619047
48231,55576,67266,11690,17.37876490351738
48233,15632,15670,38,0.24250159540523292
48235,1834,1432,-402,-28.07262569832402
48237,5006,5082,76,1.49547422274695
48239,12132,11538,-594,-5.14820592823713
48241,18586,18090,-496,-2.741846323935876
48243,1748,1600,-148,-9.25
48245,243198,240724,-2474,-1.0277330054336085
48247,3376,3416,40,1.1709601873536302
48249,32508,31038,-1470,-4.7361299052774015
48251,98350,116342,17992,15.464750477041825
48253,6254,6058,-196,-3.2353912182238362
48255,14166,12870,-1296,-10.06993006993007
48257,65592,85472,19880,23.259078996630475
48259,34762,41258,6496,15.744825246012894
48261,1017,544,-473,-86.94852941176471
48263,532,686,154,22.448979591836736
48265,36686,38524,1838,4.771051811857544
48267,2452,2476,24,0.9693053311793215
48269,240,688,448,65.11627906976744
48271,2028,1832,-196,-10.698689956331878
48273,24000,24170,170,0.703351261894911
48275,2206,2466,260,10.543390105433902
48277,43130,44838,1708,3.8092689236808064
48279,8094,7866,-228,-2.898550724637681
48281,9470,10560,1090,10.321969696969697
48283,6836,6488,-348,-5.363748458692972
48285,11098,12362,1264,10.224882705063905
48287,14212,13936,-276,-1.9804822043628014
48289,9872,11514,1642,14.260899774187946
48291,36856,39796,2940,7.387677153482762
48293,13199,14556,1357,9.322616103325089
48295,2256,2460,204,8.292682926829269
48297,8188,7336,-852,-11.613958560523447
48299,9320,11266,1946,17.27321143262915
48301,171,896,725,80.91517857142857
48303,282278,306464,24186,7.891954683094915
48305,2960,2992,32,1.06951871657754
48307,5050,4726,-324,-6.855691917054592
48309,227872,247946,20074,8.096117703048245
48311,979,1144,165,14.423076923076922
48313,8544,8914,370,4.150774063271259
48315,3974,4386,412,9.393524851801185
48317,4956,4644,-312,-6.718346253229974
48319,2124,2354,230,9.770603228547154
48321,21110,22436,1326,5.910144410768408
48323,36356,37080,724,1.9525350593311757
48325,20232,21912,1680,7.667031763417305
48327,918,858,-60,-6.993006993006993
48329,214676,232660,17984,7.729734376343162
48331,10316,12216,1900,15.553372626064178
48333,2596,2542,-54,-2.1243115656963023
48335,4004,4198,194,4.621248213434969
48337,9842,9998,156,1.5603120624124824
48339,387592,455740,68148,14.953262825295125
48341,21932,25066,3134,12.502992100853746
48343,7348,6944,-404,-5.817972350230415
48345,604,680,76,11.176470588235295
48347,45230,46606,1376,2.9524095610007297
48349,33430,32788,-642,-1.9580334268634865
48351,2506,2632,126,4.787234042553192
48353,12884,12150,-734,-6.041152263374486
48355,320346,328092,7746,2.36092315570023
48357,8756,8488,-268,-3.157398680490104
48359,2020,1774,-246,-13.86696730552424
48361,45506,48202,2696,5.593128915812621
48363,16962,16626,-336,-2.0209310718152294
48365,15742,15598,-144,-0.9231952814463392
48367,69346,82192,12846,15.629258321977806
48369,11590,12922,1332,10.308001857297631
48371,11244,10964,-280,-2.553812477198103
48373,23382,25374,1992,7.850555686923623
48375,154318,156484,2166,1.3841670713938805
48377,4466,4134,-332,-8.03096274794388
48379,4160,4694,534,11.376224968044312
48381,66444,73454,7010,9.543387698423503
48383,4028,3354,-674,-20.095408467501493
48385,1494,1630,136,8.343558282208589
48387,5448,5380,-68,-1.2639405204460967
48389,17330,15860,-1470,-9.26860025220681
48391,4648,4604,-44,-0.9556907037358819
48393,526,388,-138,-35.56701030927835
48395,8578,11152,2574,23.08106169296987
48397,65940,82158,16218,19.74001314540276
48399,5770,6102,332,5.440839069157653
48401,26330,26726,396,1.4817032103569558
48403,5038,4766,-272,-5.70709190096517
48405,3738,4358,620,14.226709499770537
48407,4304,5020,716,14.262948207171315
48409,37562,46112,8550,18.54181124219292
48411,3492,3196,-296,-9.261576971214017
48413,1488,1137,-351,-30.87071240105541
48415,12258,12378,120,0.9694619486185166
48417,2444,2538,94,3.7037037037037033
48419,17188,16972,-216,-1.2726844213999529
48421,2094,2148,54,2.5139664804469275
48423,210638,226822,16184,7.135110350847801
48425,6800,7666,866,11.296634489955649
48427,30518,29670,-848,-2.8581058308055276
48429,6528,6544,16,0.24449877750611246
48431,1028,738,-290,-39.295392953929536
48433,926,1500,574,38.266666666666666
48435,3004,2396,-608,-25.375626043405674
48437,3614,3652,38,1.04052573932092
48439,1854254,2029446,175192,8.632503648779027
48441,130000,136300,6300,4.622157006603081
48443,572,542,-30,-5.535055350553505
48445,6850,6174,-676,-10.94914156138646
48447,778,870,92,10.574712643678161
48449,33054,34546,1492,4.318879175591964
48451,95638,100532,4894,4.8681016989615244
48453,1571556,1833920,262364,14.30618565695341
48455,4426,4724,298,6.308213378492803
48457,8264,7992,-272,-3.4034034034034035
48459,14326,15988,1662,10.395296472354264
48461,3856,6326,2470,39.04521024343977
48463,19316,19334,18,0.09310023792283025
48465,35600,37006,1406,3.7993838836945364
48467,22492,25378,2886,11.372054535424384
48469,75204,75122,-82,-0.1091557732754719
48471,50398,51548,1150,2.230930394971677
48473,36823,48639,11816,24.29326260819507
48475,11314,11726,412,3.513559611120587
48477,30424,30005,-419,-1.39643392767872
48479,210064,214040,3976,1.8575967108951597
48481,32642,33342,700,2.0994541419231
48483,4084,3630,-454,-12.506887052341597
48485,108696,108462,-234,-0.21574376279249874
48487,11854,12094,240,1.984455101703324
48489,7646,8358,712,8.518784398181383
48491,371274,457508,86234,18.84863215506614
48493,17846,19024,1178,6.192178301093356
48495,7644,7630,-14,-0.1834862385321101
48497,41658,43334,1676,3.867632805649144
48499,20772,21530,758,3.520668834184858
48501,6630,6834,204,2.9850746268656714
48503,13020,13758,738,5.364151766245094
48505,6706,5694,-1012,-17.77309448542325
48507,5252,5088,-164,-3.2232704402515724
48999,320107,533852,213745,40.03825030158171
49000,3274136,3686457,412321,11.184750018784975
49001,5624,5438,-186,-3.4203751379183522
49003,42208,48264,6056,12.547654566550639
49005,115936,127776,11840,9.266215877786125
49007,16974,17014,40,0.23510050546608677
49009,493,630,137,21.746031746031747
49011,263986,288504,24518,8.498322380278957
49013,15658,17816,2158,12.112707678491244
49015,6120,7244,1124,15.516289342904473
49017,3508,3974,466,11.726220432813287
49019,9590,12204,2614,21.419206817436905
49021,40202,50630,10428,20.596484297847127
49023,7618,8974,1356,15.110318698462224
49025,6750,7472,722,9.662740899357601
49027,9348,10478,1130,10.784500858942545
49029,5052,6302,1250,19.834973024436685
49031,416,628,212,33.75796178343949
49033,1370,2028,658,32.44575936883629
49035,1441044,1597638,156594,9.801594604034205
49037,7804,8668,864,9.967697277341948
49039,16262,19150,2888,15.080939947780678
49041,17716,19710,1994,10.116692034500254
49043,64576,67170,2594,3.861843084710436
49045,32952,38596,5644,14.623277023525755
49047,24580,29746,5166,17.367040946681907
49049,502178,589172,86994,14.765467469601406
49051,19770,24256,4486,18.494393139841687
49053,138504,169834,31330,18.44742513277671
49055,1872,2188,316,14.442413162705666
49057,217618,244806,27188,11.105936945989885
50000,672068,675939,3871,0.5726848132745707
50001,28698,30230,1532,5.067813430367185
50003,34162,33986,-176,-0.5178602954157594
50005,20958,21482,524,2.439251466343916
50007,201924,208294,6370,3.0581773838900785
50009,1853,1139,-714,-62.68656716417911
50011,35924,34750,-1174,-3.3784172661870504
50013,1799,2052,253,12.32943469785575
50015,25068,25764,696,2.7014438751746623
50017,15124,15804,680,4.302708175145533
50019,21918,21756,-162,-0.7446221731936017
50021,53780,51490,-2290,-4.447465527286852
50023,66908,66470,-438,-0.6589438844591544
50025,44374,41628,-2746,-6.596521572018833
50027,47400,47664,264,0.5538771399798591
50999,17818,9553,-8265,-86.51732440071181
51000,8561181,8919763,358582,4.020084390134581
51001,25006,25644,638,2.487911402277336
51003,97535,128562,31027,24.133880929045908
51005,7352,6434,-918,-14.267951507615791
51007,4616,5048,432,8.55784469096672
51009,15490,15846,356,2.246623753628676
51011,6482,7108,626,8.806978052898144
51013,372376,362518,-9858,-2.7193132478938975
51015,55468,59958,4490,7.488575336068582
51017,4222,4454,232,5.208801077682981
51019,37462,37424,-38,-0.10153911928174432
51021,3221,3878,657,16.941722537390408
51023,21974,23290,1316,5.650493774151997
51025,6864,6456,-408,-6.319702602230483
51027,12640,12076,-564,-4.670420669095727
51029,5143,6208,1065,17.15528350515464
51031,34304,36704,2400,6.538796861377507
51033,13346,13080,-266,-2.0336391437308867
51035,12358,11150,-1208,-10.834080717488789
51036,3324,3410,86,2.5219941348973607
51037,4661,5584,923,16.52936962750716
51041,275444,294280,18836,6.400706809840968
51043,7476,7746,270,3.4856700232378004
51045,1476,1508,32,2.122015915119363
51047,31824,33188,1364,4.109919247920935
51049,2038,2690,652,24.237918215613384
51051,6678,6718,40,0.5954153021732659
51053,16998,20444,3446,16.85580121306985
51057,7284,7244,-40,-0.5521811154058531
51059,1238574,1267070,28496,2.2489680917392096
51061,43826,46546,2720,5.843681519357196
51063,6253,7266,1013,13.941646022570877
51065,7154,9736,2582,26.52013147082991
51067,30260,31024,764,2.4626095925734917
51069,66924,78472,11548,14.716077072076663
51071,9014,14980,5966,39.82643524699599
51073,18706,20118,1412,7.01859031712894
51075,36182,36828,646,1.7541001411969153
51077,6130,6750,620,9.185185185185185
51079,7304,8006,702,8.768423682238321
51081,8752,8114,-638,-7.862952920877496
51083,23234,23630,396,1.675835801946678
51085,105754,120096,14342,11.942112976285637
51087,384442,375698,-8744,-2.3274012637810157
51089,31212,31384,172,0.5480499617639562
51091,718,1190,472,39.66386554621849
51093,21528,20788,-740,-3.5597460073119107
51095,59520,59202,-318,-0.537144015404885
51097,2148,2204,56,2.540834845735027
51099,23303,27224,3921,14.402732882750513
51101,7782,8198,416,5.0744083922908025
51103,8890,9680,790,8.16115702479339
51105,8216,8214,-2,-0.024348672997321647
51107,352640,385250,32610,8.464633354964308
51109,18906,20236,1330,6.572445147262304
51111,4892,4666,-226,-4.843549078439778
51113,6286,6226,-60,-0.9637006103437198
51115,2729,3230,501,15.510835913312693
51117,22680,23788,1108,4.657810660837397
51119,6336,6696,360,5.376344086021505
51121,69858,87886,18028,20.512937214118292
51125,8080,8280,200,2.4154589371980677
51127,10240,11524,1284,11.141964595626519
51131,7790,8454,664,7.854270167967827
51133,4724,4818,94,1.9510170195101701
51135,11460,10926,-534,-4.887424492037342
51137,19174,19318,144,0.7454187804120509
51139,10156,10956,800,7.301935012778387
51141,7645,8430,785,9.311981020166074
51143,23836,25656,1820,7.093857187402556
51145,14826,16372,1546,9.442951380405571
51147,18108,17410,-698,-4.0091901206203335
51149,29332,29448,116,0.39391469709318117
51153,263840,283042,19202,6.78415217529554
51155,28436,29824,1388,4.653969957081545
51157,2790,3016,226,7.493368700265251
51159,5822,5534,-288,-5.204192265992049
51161,78008,75986,-2022,-2.6610165030400337
51163,12890,11920,-970,-8.13758389261745
51165,68370,70232,1862,2.6512131222234876
51167,13448,12742,-706,-5.540731439334484
51169,10144,9930,-214,-2.1550855991943605
51171,27814,27310,-504,-1.845477846942512
51173,23496,23830,334,1.4015946286193874
51175,7158,7340,182,2.4795640326975477
51177,72158,76084,3926,5.160086220493139
51179,91626,92254,628,0.6807292908708565
51181,4168,4248,80,1.8832391713747645
51183,7232,6464,-768,-11.881188118811881
51185,28386,27844,-542,-1.946559402384715
51187,24950,27258,2308,8.467238975713553
51191,38256,40072,1816,4.531842683170294
51193,6378,6344,-34,-0.5359394703656999
51195,22628,22022,-606,-2.75179366088457
51197,22462,23656,1194,5.047345282380792
51199,40822,43960,3138,7.138307552320292
51510,178452,162064,-16388,-10.112054496988844
51520,19234,21064,1830,8.687808583364982
51530,4103,5204,1101,21.156802459646425
51540,69356,73460,4104,5.586713857881841
51550,208336,212778,4442,2.087621840603822
51570,19709,19706,-3,-0.015223789708718155
51580,7760,7752,-8,-0.10319917440660474
51590,50384,49496,-888,-1.794084370454178
51595,6462,6732,270,4.010695187165775
51600,38552,47488,8936,18.817385444743937
51610,24134,24768,634,2.5597545219638245
51620,8584,7906,-678,-8.575765241588666
51630,48336,49178,842,1.7121477083248606
51640,11420,11900,480,4.033613445378151
51650,105496,100780,-4716,-4.679499900773963
51660,55556,64014,8458,13.212734714281252
51670,15730,14830,-900,-6.068779501011464
51678,7755,11032,3277,29.70449601160261
51680,104194,98052,-6142,-6.264023171378453
51683,45592,49612,4020,8.10287833588648
51685,6580,7910,1330,16.8141592920354
51690,18436,18228,-208,-1.1411016019310949
51700,208342,205068,-3274,-1.5965435855423564
51710,280282,284528,4246,1.4922960130461678
51720,6910,6264,-646,-10.312899106002554
51730,26106,23632,-2474,-10.468855788761001
51735,3035,3762,727,19.32482721956406
51740,88718,86842,-1876,-2.160245042721264
51750,8883,11848,2965,25.025320729237
51760,315604,324142,8538,2.634030764294661
51770,130156,131998,1842,1.3954756890255913
51775,38854,40726,1872,4.596572214310268
51790,22258,23104,846,3.661703601108033
51800,65854,71470,5616,7.857842451378201
51810,352688,355564,2876,0.8088557896749952
51820,18848,19038,190,0.998003992015968
51830,21014,24056,3042,12.645493847688726
51840,50308,50810,502,0.9879944892737649
51999,282094,449142,167048,37.1926918435595
53000,7411700,7747500,335800,4.334301387544369
53001,15062,16698,1636,9.79758054856869
53003,13018,14178,1160,8.181689942163915
53005,179534,192754,13220,6.858482833041078
53007,81552,87146,5594,6.419112753310537
53009,46206,49140,2934,5.970695970695971
53011,328862,364308,35446,9.72967928236547
53013,3044,3220,176,5.46583850931677
53015,78776,82488,3712,4.500048491901852
53017,22328,23634,1306,5.5259372091055265
53019,3518,3480,-38,-1.0919540229885056
53021,63384,70186,6802,9.69139144558744
53023,1224,769,-455,-59.167750325097536
53025,73036,81966,8930,10.894761242466389
53027,45460,46716,1256,2.688586351571196
53029,33866,36460,2594,7.114646187602852
53031,17990,17988,-2,-0.0111185234600845
53033,2883906,2918996,35090,1.2021256623852858
53035,184070,187710,3640,1.939161472484151
53037,29422,33698,4276,12.689180366787348
53039,13534,12972,-562,-4.33240826395313
53041,53656,53990,334,0.618633080200037
53043,5404,5606,202,3.60328219764538
53045,28348,30110,1762,5.851876453005646
53047,30114,32562,2448,7.517965726920951
53049,12742,12832,90,0.7013715710723192
53051,6080,6394,314,4.910853925555208
53053,638766,667704,28938,4.333956363897775
53055,10590,11416,826,7.235459004905397
53057,102644,105408,2764,2.6221918639951425
53059,4054,5026,972,19.339434938320732
53061,584664,592118,7454,1.258870698070317
53063,457388,484562,27174,5.607951098105093
53065,21472,22800,1328,5.824561403508772
53067,236658,255934,19276,7.531629248165543
53069,1177,800,-377,-47.125
53071,54474,57190,2716,4.749082007343941
53073,182466,186208,3742,2.0095806839663175
53075,28996,39236,10240,26.09848098684881
53077,215174,222640,7466,3.353395616241466
53999,37342,65664,28322,43.1317007797271
54000,1491438,1540811,49373,3.204351474645495
54001,7256,7918,662,8.360697145743874
54003,73496,77828,4332,5.566120162409415
54005,9352,9094,-258,-2.837035407961293
54007,7376,7286,-90,-1.2352456766401316
54009,14900,14174,-726,-5.122054465923522
54011,103914,103910,-4,-0.00384948513136368
54013,2086,2358,272,11.535199321458864
54015,2558,3356,798,23.778307508939214
54017,3470,2964,-506,-17.07152496626181
54019,19474,19648,174,0.885586319218241
54021,3628,3446,-182,-5.281485780615206
54023,6582,7140,558,7.815126050420168
54025,25226,25702,476,1.8519959536222863
54027,7554,8312,758,9.11934552454283
54029,18064,18492,428,2.3145143845987453
54031,11570,12312,742,6.026640675763482
54033,71796,76100,4304,5.655716162943496
54035,15804,17612,1808,10.265727912786735
54037,30306,33500,3194,9.534328358208956
54039,191104,197634,6530,3.304087353390611
54041,10838,11298,460,4.071517082669499
54043,4636,4794,158,3.295786399666249
54045,19852,21082,1230,5.8343610663124945
54047,8248,7986,-262,-3.2807412972702235
54049,34920,34720,-200,-0.5760368663594471
54051,21736,21528,-208,-0.966183574879227
54053,10972,11420,448,3.9229422066549913
54055,37308,38780,1472,3.795771015987622
54057,15680,17432,1752,10.05048187241854
54059,9732,10128,396,3.909952606635071
54061,112692,119286,6594,5.5278909511593985
54063,3834,4058,224,5.519960571710202
54065,5882,6132,250,4.076973255055447
54067,13920,13998,78,0.5572224603514788
54069,54194,54796,602,1.0986203372508943
54071,2864,2702,-162,-5.995558845299779
54073,5248,5180,-68,-1.3127413127413128
54075,7286,6852,-434,-6.333917104495038
54077,14598,14278,-320,-2.24121025353691
54079,38690,41366,2676,6.469080887685538
54081,62842,65736,2894,4.402458318120969
54083,22140,21026,-1114,-5.298202225815657
54085,6296,6162,-134,-2.174618630314833
54087,5694,5832,138,2.366255144032922
54089,4224,4584,360,7.853403141361256
54091,6152,6684,532,7.959305804907241
54093,5158,5522,364,6.5918145599420495
54095,3629,3888,259,6.661522633744855
54097,14440,15274,834,5.460259264108943
54099,16434,16780,346,2.061978545887962
54101,3230,3056,-174,-5.693717277486911
54103,8308,8730,422,4.833906071019474
54105,867,1650,783,47.45454545454545
54107,68710,72302,3592,4.968050676329839
54109,8282,9228,946,10.25140875596012
54999,55678,56412,734,1.3011416010777848
55000,6075040,6266613,191573,3.0570421374353263
55001,8182,8064,-118,-1.4632936507936507
55003,15318,15558,240,1.5426147319706902
55005,42848,43080,232,0.5385329619312906
55007,6021,6346,325,5.121336274818784
55009,316000,316700,700,0.22102936532996525
55011,7454,7264,-190,-2.6156387665198237
55013,7386,9858,2472,25.07608034083993
55015,29274,32492,3218,9.903976363412532
55017,48392,52426,4034,7.6946553236943505
55019,21692,22492,800,3.5568202027387517
55021,40979,44258,3279,7.4088300420263
55023,12875,12340,-535,-4.3354943273906
55025,687392,715238,27846,3.893249519740282
55027,64417,67410,2993,4.43999406616229
55029,24450,26210,1760,6.714994276993513
55031,31058,31722,664,2.0931845406973077
55033,31717,32907,1190,3.616251861306105
55035,115164,117514,2350,1.999761730517215
55037,1721,1617,-104,-6.431663574520717
55039,93198,91616,-1582,-1.7267726161369192
55041,6438,6150,-288,-4.682926829268292
55043,31321,31171,-150,-0.48121651535080684
55045,30030,31550,1520,4.817749603803486
55047,10792,11418,626,5.482571378525136
55049,19766,22128,2362,10.674258857556037
55051,3234,3410,176,5.161290322580645
55053,13952,13054,-898,-6.879117511873756
55055,65570,67808,2238,3.3004955167531853
55057,18204,18912,708,3.7436548223350257
55059,135120,149976,14856,9.905584893582974
55061,13022,13244,222,1.676230745998188
55063,136632,139754,3122,2.233925325929848
55065,8416,10236,1820,17.780382962094567
55067,14372,14636,264,1.8037715222738453
55069,18906,18619,-287,-1.5414361673559267
55071,66112,66426,314,0.4727064703579924
55073,141352,141708,356,0.2512208202783188
55075,36176,35794,-382,-1.0672179694920938
55077,7660,7556,-104,-1.3763896241397564
55078,2153,4128,1975,47.843992248062015
55079,960762,942258,-18504,-1.9637933559598326
55081,41400,42698,1298,3.039955033022624
55083,16886,18054,1168,6.46948044754625
55085,30698,32364,1666,5.147694969719441
55087,216930,216722,-208,-0.09597548933656944
55089,83612,82424,-1188,-1.4413277686110841
55091,3762,4327,565,13.057545643633004
55093,17105,18190,1085,5.964815832875206
55095,31510,32716,1206,3.6862697151240984
55097,62672,61906,-766,-1.2373598681872515
55099,10038,10302,264,2.56260920209668
55101,146834,153370,6536,4.261589619873509
55103,11440,11730,290,2.47229326513214
55105,133110,137646,4536,3.295409964692036
55107,9860,9556,-304,-3.1812473838426123
55109,67720,72592,4872,6.711483359047829
55111,71028,71010,-18,-0.025348542458808618
55113,13334,13872,538,3.878316032295271
55115,24962,24480,-482,-1.968954248366013
55117,120404,120780,376,0.3113098195065408
55119,16130,15528,-602,-3.876867594023699
55121,26828,24920,-1908,-7.656500802568218
55123,16920,17946,1026,5.717151454363089
55125,15250,15708,458,2.915711739241151
55127,75275,80392,5117,6.365061200119415
55129,11186,10952,-234,-2.1365960555149743
55131,114100,115736,1636,1.4135618994954033
55133,486766,497960,11194,2.247971724636517
55135,34698,36766,2068,5.624762008377305
55137,10481,11028,547,4.960101559666303
55139,185090,186484,1394,0.7475172132729886
55141,74836,73008,-1828,-2.5038351961428886
55999,118106,217180,99074,45.61838106639654
56000,603905,622526,18621,2.9912003675348497
56001,30868,33780,2912,8.62048549437537
56003,7802,8242,440,5.338510070371269
56005,49946,50314,368,0.731406765512581
56007,13256,12162,-1094,-8.995231047525078
56009,14710,12516,-2194,-17.529562160434644
56011,4118,4501,383,8.509220173294823
56013,29646,31194,1548,4.962492787074437
56015,8060,8292,232,2.7978774722624213
56017,3680,3866,186,4.811174340403518
56019,5974,6606,632,9.567060248259159
56021,93134,95874,2740,2.857917683626426
56023,12802,14216,1414,9.946539110861002
56025,77404,79124,1720,2.1738031444315253
56027,941,913,-28,-3.0668127053669223
56029,24828,26722,1894,7.087792829878003
56031,6836,6726,-110,-1.6354445435622957
56033,26224,28378,2154,7.59038691944464
56035,7376,7362,-14,-0.19016571583808747
56037,42446,41914,-532,-1.2692656391659112
56039,41484,45504,4020,8.834388185654008
56041,15904,16468,564,3.4248239008987125
56043,7048,7302,254,3.478499041358532
56045,4674,4868,194,3.9852095316351686
56999,4352,4272,-80,-1.8726591760299627
72000,1936425,2155019,218594,10.143483653740407
72001,2707,3778,1071,28.34833245103229
72003,8432,10072,1640,16.282764098490865
72005,32830,40164,7334,18.26013345284334
72007,2697,3540,843,23.813559322033896
72009,10219,12402,2183,17.601999677471376
72011,8948,13496,4548,33.69887374036752
72013,34574,47724,13150,27.554270388064705
72015,4242,5754,1512,26.277372262773724
72017,18955,21516,2561,11.902770031604387
72019,4730,6876,2146,31.210005817335663
72021,96416,113218,16802,14.840396403398753
72023,10125,14174,4049,28.566389163256666
72025,81734,91336,9602,10.512831742138916
72027,6485,9722,3237,33.29561818555853
72029,10312,11954,1642,13.735987953822987
72031,84380,101866,17486,17.165688257122103
72033,19243,23526,4283,18.20538978151832
72035,17005,20548,3543,17.242554019855945
72037,1903,2982,1079,36.183769282360835
72039,2311,3602,1291,35.8411993337035
72041,10632,12976,2344,18.064118372379777
72043,5319,7722,2403,31.11888111888112
72045,2503,3840,1337,34.817708333333336
72047,6557,8010,1453,18.139825218476904
72049,443,1066,623,58.44277673545967
72051,16502,23300,6798,29.175965665236053
72053,15817,20020,4203,20.99400599400599
72054,1584,2398,814,33.94495412844037
72055,4532,6952,2420,34.810126582278485
72057,16719,19698,2979,15.123362777947
72059,3396,4556,1160,25.460930640913084
72061,100771,116064,15293,13.176350978770335
72063,13187,18340,5153,28.09705561613959
72065,16314,20354,4040,19.84867839245357
72067,4186,7360,3174,43.125
72069,25247,34990,9743,27.845098599599886
72071,10226,14758,4532,30.708768125762298
72073,4703,6240,1537,24.63141025641026
72075,12004,14344,2340,16.313441160066926
72077,13142,16398,3256,19.85608000975729
72079,5710,7428,1718,23.128702207862144
72081,7190,8704,1514,17.394301470588236
72083,1342,2604,1262,48.46390168970814
72085,13560,14830,1270,8.563722184760621
72087,2524,3488,964,27.63761467889908
72089,3542,4574,1032,22.562308701355487
72091,24555,29954,5399,18.024303932696803
72093,2145,3120,975,31.25
72095,1920,2820,900,31.914893617021278
72097,49922,64146,14224,22.174414616655756
72099,7838,10666,2828,26.514157134820927
72101,3476,5188,1712,32.99922898997687
72103,3625,4530,905,19.97792494481236
72105,5475,7920,2445,30.87121212121212
72107,5155,6050,895,14.793388429752067
72109,2164,3242,1078,33.25107958050586
72111,3699,5502,1803,32.76990185387132
72113,79524,98366,18842,19.154992578736554
72115,3715,5410,1695,31.330868761552683
72117,3246,5142,1896,36.87281213535589
72119,9143,12300,3157,25.666666666666664
72121,5551,6994,1443,20.63197026022305
72123,5500,7684,2184,28.422696512233216
72125,14538,15614,1076,6.891251441014474
72127,429690,533266,103576,19.422952147708646
72129,6134,10116,3982,39.36338473705022
72131,10230,13260,3030,22.850678733031675
72133,13595,13302,-293,-2.2026762892798075
72135,6004,9186,3182,34.6396690616155
72137,22954,29400,6446,21.92517006802721
72139,19267,20972,1705,8.129887469006295
72141,5051,7748,2697,34.80898296334538
72143,8095,9108,1013,11.122090469916557
72145,14323,17546,3223,18.368858999202097
72147,2236,3000,764,25.466666666666665
72149,5271,7028,1757,25.0
72151,4098,5894,1796,30.471666101119784
72153,9680,13922,4242,30.469760091940813
72999,2531,6066,3535,58.27563468513023
78000,89164,83408,-5756,-6.901016689046615
78010,18784,30206,11422,37.81367940144342
78020,1709,3944,2235,56.6683569979716
78030,19876,38368,18492,48.196413678065056
C1010,21092,20976,-116,-0.5530129672006102
C1014,22730,23358,628,2.688586351571196
C1018,141238,148194,6956,4.693847254274802
C1022,19462,19882,420,2.112463534855648
C1026,1617,1889,272,14.39915299100053
C1030,25160,25876,716,2.767042819601175
C1038,104524,124010,19486,15.713248931537779
C1042,601381,638232,36851,5.773919201794959
C1046,18275,17821,-454,-2.5475562538578083
C1050,112677,118648,5971,5.032533207470838
C1054,95278,97404,2126,2.18266190300193
C1058,885334,888514,3180,0.35790094472343714
C1062,19204,23665,4461,18.850623283329814
C1066,11998,11859,-139,-1.1721055738257864
C1070,37897,40916,3019,7.37853162576987
C1074,770658,807392,36734,4.549710673377987
C1078,118934,120392,1458,1.211043923184265
C1082,18798,19088,290,1.519279128248114
C1086,16254,15519,-735,-4.7361299052774015
C1090,720102,751846,31744,4.222141236370214
C1094,12782,12649,-133,-1.0514665190924184
C1098,11366,12243,877,7.163276974597729
C1102,115682,115890,208,0.17948054189317456
C1106,9384,9806,422,4.30348766061595
C1110,233684,246022,12338,5.014998658656543
C1114,11713,11632,-81,-0.6963548830811555
C1118,76350,82522,6172,7.479217663168609
C1122,18862,18926,64,0.33815914614815595
C1126,312339,346418,34079,9.837537310416895
C1138,7829,7596,-233,-3.0674038967877832
C1142,15960,16278,318,1.9535569480280135
C1146,431926,438040,6114,1.395762944023377
C1150,88656,85960,-2696,-3.136342484876687
C1154,246204,249214,3010,1.207797314757598
C1158,9669,9822,153,1.5577275503970678
C1162,22974,23794,820,3.4462469530133646
C1164,70546,83210,12664,15.219324600408605
C1166,9000,8732,-268,-3.0691708657810355
C1168,13608,13291,-317,-2.385072605522534
C1170,388666,412394,23728,5.75372095617298
C1174,18583,18504,-79,-0.4269347168179853
C1178,29918,29611,-307,-1.0367768734591876
C1182,18377,18899,522,2.7620509021641357
C1186,5347,5530,183,3.309222423146474
C1190,20771,21184,413,1.949584592145015
C1194,19006,17365,-1641,-9.450043190325367
C1198,17750,19237,1487,7.729895513853512
C1202,179526,191138,11612,6.075191746277558
C1206,5392032,5760302,368270,6.3932411877016175
C1210,246796,248142,1346,0.5424313497916515
C1214,21899,21986,87,0.3957063585918312
C1218,24771,24980,209,0.8366693354683747
C1222,119476,134398,14922,11.102843792318339
C1226,461984,461610,-374,-0.0810207751131908
C1230,59935,61673,1738,2.8180889530264457
C1238,16451,16763,312,1.8612420211179384
C1242,1985234,2372671,387437,16.329149721979995
C1246,8166,8252,86,1.0421715947649055
C1254,659890,686730,26840,3.908377382668589
C1258,2664190,2503088,-161102,-6.436130092110226
C1262,138618,142338,3720,2.613497449732327
C1266,35514,35505,-9,-0.025348542458808618
C1268,16362,18745,2383,12.712723392904774
C1270,172108,181428,9320,5.137024053619067
C1274,33454,33235,-219,-0.6589438844591544
C1278,18757,19241,484,2.5154617743360532
C1282,6367,6112,-255,-4.172120418848167
C1286,22547,22929,382,1.6660124732871036
C1290,16293,17517,1224,6.987497859222469
C1294,698403,736471,38068,5.168974745780893
C1298,106774,107884,1110,1.0288828741982128
C1302,68068,67252,-816,-1.2133468149646107
C1306,10555,11218,663,5.910144410768408
C1310,8816,8737,-79,-0.9042005264965091
C1314,317344,316000,-1344,-0.4253164556962025
C1318,34781,36185,1404,3.880060798673483
C1322,82316,85384,3068,3.5931790499390983
C1326,13531,13277,-254,-1.9130827747232058
C1330,8916,8267,-649,-7.850489899600823
C1334,18790,19238,448,2.3287243996257407
C1338,182466,186208,3742,2.0095806839663175
C1342,19861,20660,799,3.867376573088093
C1346,171044,185086,14042,7.586743459797067
C1350,6561,5692,-869,-15.26704146170063
C1354,17081,16993,-88,-0.5178602954157594
C1362,13077,13136,59,0.4491473812423873
C1366,13206,13621,415,3.046766023052639
C1370,14355,13670,-685,-5.01097293343087
C1372,18108,17502,-606,-3.462461432979088
C1374,159852,181236,21384,11.798980335032775
C1378,190570,192370,1800,0.9356968342257108
C1382,991376,1034816,43440,4.197847733316841
C1390,137890,144052,6162,4.2776219698442235
C1394,14715,15698,983,6.261944196712957
C1398,138946,151804,12858,8.470132539327027
C1401,159972,176547,16575,9.388434807728254
C1402,122344,145768,23424,16.069370506558368
C1410,80992,81936,944,1.1521187268111697
C1414,32847,33312,465,1.3958933717579252
C1418,17683,18593,910,4.894315064809337
C1422,10318,11184,866,7.743204577968527
C1426,626975,769028,142053,18.471759155713446
C1434,8728,8799,71,0.8069098761222866
C1438,23356,25785,2429,9.420205545859996
C1442,7816,7835,19,0.24250159540523292
C1446,5396988,5453340,56352,1.0333483699897676
C1450,346570,392970,46400,11.807517113265643
C1454,146592,159682,13090,8.1975426159492
C1458,60183,72013,11830,16.42758946301362
C1462,14403,13971,-432,-3.0921193901653425
C1466,38046,40080,2034,5.074850299401198
C1470,31443,35784,4341,12.131120053655264
C1472,25240,24966,-274,-1.0974925899222943
C1474,184070,187710,3640,1.939161472484151
C1478,15212,16583,1371,8.267502864379184
C1482,9138,9710,572,5.890834191555098
C1486,820412,842410,21998,2.6113175294690234
C1502,12107,12805,698,5.4509957048028115
C1506,6463,6490,27,0.41602465331278893
C1510,17819,19306,1487,7.702268724748783
C1518,286542,313856,27314,8.702717169657422
C1522,15139,15938,799,5.013176057221734
C1526,83978,91360,7382,8.080122591943958
C1534,12612,12642,30,0.23730422401518747
C1538,1070722,1069526,-1196,-0.11182523847012601
C1542,19144,21564,2420,11.222407716564645
C1546,21686,21041,-645,-3.0654436576208357
C1550,125390,136878,11488,8.39287540729701
C1554,222530,227649,5119,2.24863715632399
C1558,15373,16570,1197,7.223898611949306
C1562,16837,17747,910,5.12762720459796
C1566,23564,24849,1285,5.171234254899593
C1568,93382,91933,-1449,-1.5761478468014751
C1570,12163,11803,-360,-3.0500720155892567
C1574,14461,14405,-56,-0.388753904894134
C1578,10015,10366,351,3.3860698437198535
C1582,12298,12355,57,0.46135167948199113
C1586,13242,14311,1069,7.469778492069038
C1590,8104,8354,250,2.9925784055542257
C1594,326056,329482,3426,1.0398140110840652
C1598,551514,604200,52686,8.719960278053625
C1602,87824,90338,2514,2.7828820651331667
C1606,93520,94941,1421,1.49671901496719
C1610,34102,32069,-2033,-6.339455548972528
C1618,51788,63378,11590,18.28710278014453
C1622,77404,79124,1720,2.1738031444315253
C1626,20101,25315,5214,20.596484297847127
C1630,282764,277488,-5276,-1.9013434815199217
C1634,11400,11368,-32,-0.28149190710767064
C1638,20005,20483,478,2.333642532832105
C1646,12440,12733,293,2.3011073588313833
C1650,26828,26995,167,0.618633080200037
C1654,119790,118478,-1312,-1.1073785850537654
C1658,171109,181012,9903,5.470908006099043
C1662,203014,210084,7070,3.3653205384512863
C1666,26061,27144,1083,3.9898320070733866
C1670,698298,772106,73808,9.559309214019837
C1674,2451698,2684354,232656,8.667113204890263
C1682,227760,234252,6492,2.7713744172941963
C1686,500536,538798,38262,7.10136266281612
C1694,93134,95874,2740,2.857917683626426
C1698,8957076,9090298,133222,1.4655405136333264
C1702,158578,157408,-1170,-0.7432913193738564
C1706,29211,30033,822,2.736989311757067
C1714,2108728,2183252,74524,3.4134401342584364
C1720,98789,100195,1406,1.4032636359099757
C1722,40709,42874,2165,5.049680459019452
C1726,7300,6538,-762,-11.654940348730499
C1730,181320,196288,14968,7.625529833713726
C1734,16217,16593,376,2.2660157897908757
C1738,10277,10722,445,4.150345084872225
C1742,92760,91508,-1252,-1.3681863880753595
C1746,2014770,2007960,-6810,-0.3391501822745473
C1750,12455,12776,321,2.5125234815278645
C1754,19841,19373,-468,-2.4157332369793014
C1758,17498,18165,667,3.671896504266446
C1762,3171,3861,690,17.871017871017873
C1764,3315,3842,527,13.716814159292035
C1766,124300,140102,15802,11.278925354384663
C1770,14126,14818,692,4.669995950870563
C1774,13999,15190,1191,7.840684660961158
C1778,233942,270766,36824,13.599934999224422
C1782,583632,641182,57550,8.975610669045606
C1786,185720,199324,13604,6.825068732315226
C1790,751788,789600,37812,4.788753799392097
C1798,217621,232606,14985,6.442224190261644
C1802,101848,100524,-1324,-1.3170984043611476
C1806,24956,25298,342,1.351885524547395
C1810,19100,19927,827,4.1501480403472675
C1814,2087594,2179878,92284,4.233447926902331
C1818,77699,77735,36,0.04631118543770502
C1822,5898,5853,-45,-0.768836494105587
C1826,44083,47329,3246,6.858374358215894
C1830,23279,23242,-37,-0.15919456156957235
C1838,8206,9047,841,9.295899193102686
C1842,14359,13839,-520,-3.7574969289688562
C1846,14115,14491,376,2.594713960389207
C1850,36463,35129,-1334,-3.7974323208744916
C1858,369190,387040,17850,4.611926415874328
C1862,16715,16394,-321,-1.9580334268634865
C1866,17845,17192,-653,-3.7982782689623082
C1870,76140,77970,1830,2.3470565602154676
C1874,9627,9721,94,0.9669787058944553
C1878,4537,4856,319,6.569192751235585
C1882,14946,15380,434,2.82184655396619
C1886,8165,8047,-118,-1.4663849881943583
C1888,224446,247560,23114,9.336726450153499
C1890,17517,19179,1662,8.665728140153291
C1898,28813,30861,2048,6.636207511098149
C1900,13635,14639,1004,6.85839196666439
C1906,71034,64079,-6955,-10.853789853150019
C1910,6895534,7683389,787855,10.2540037996254
C1914,127382,132548,5166,3.8974560159338507
C1918,47866,46929,-937,-1.9966332118732555
C1922,17915,19071,1156,6.061559435792565
C1926,37110,37576,466,1.2401532893336171
C1930,148596,165450,16854,10.186763372620126
C1934,355500,360332,4832,1.3409855355616487
C1938,701368,748608,47240,6.310378729588784
C1942,10804,12144,1340,11.03425559947299
C1946,110358,116088,5730,4.93591068844325
C1950,89668,84940,-4728,-5.566282081469272
C1954,13346,13127,-219,-1.6683172088062772
C1958,15148,15577,429,2.7540604737754384
C1962,17800,18503,703,3.7993838836945364
C1966,400858,435750,34892,8.007343660355708
C1970,7363,7719,356,4.6119963725871225
C1974,2860096,3235426,375330,11.60063620679317
C1976,8434,9092,658,7.2371315442146935
C1978,729928,740881,10953,1.478375069680556
C1982,3828992,3858594,29602,0.7671706326190317
C1986,19495,19420,-75,-0.3861997940267765
C1994,12895,12646,-249,-1.9690020559860826
C1998,16855,17974,1119,6.225659285634806
C2002,114648,121078,6430,5.31062620789904
C2006,17214,18128,914,5.041924095322154
C2010,80949,85227,4278,5.0195360625153995
C2014,19699,21449,1750,8.158888526271621
C2018,29580,29397,-183,-0.6225125012756403
C2022,116246,118764,2518,2.1201710956182005
C2026,249798,247940,-1858,-0.7493748487537307
C2030,10966,12533,1567,12.502992100853746
C2034,14912,15349,437,2.847091015701349
C2038,25963,28610,2647,9.252009786787836
C2042,25652,27555,1903,6.906187624750499
C2046,19502,21941,2439,11.116175197119547
C2050,580431,684268,103837,15.174902231289494
C2054,14917,17260,2343,13.574739281575898
C2058,18178,18540,362,1.9525350593311757
C2066,17124,18027,903,5.009152937260775
C2070,113220,112488,-732,-0.6507360785150417
C2074,163556,169940,6384,3.7566199835235965
C2078,36768,36561,-207,-0.5661770739312382
C2082,22693,23558,865,3.6717887766363866
C2090,16321,16671,350,2.0994541419231
C2094,128792,129644,852,0.6571842892845021
C2098,16952,16705,-247,-1.4785992217898831
C2102,18401,20003,1602,8.00879868019797
C2106,108740,114992,6252,5.436899958257966
C2112,8981,9935,954,9.602415702063412
C2114,260440,258714,-1726,-0.6671459604041529
C2118,11070,10513,-557,-5.298202225815657
C2122,26431,26088,-343,-1.314780742103649
C2126,14711,16849,2138,12.689180366787348
C2130,70912,68164,-2748,-4.0314535531952345
C2134,628254,666374,38120,5.720511304462659
C2138,15096,15729,633,4.024413503719244
C2142,23841,23389,-452,-1.932532387019539
C2146,16219,17197,978,5.687038436936675
C2150,240778,238054,-2724,-1.1442781889823317
C2154,13541,13380,-161,-1.203288490284006
C2158,9815,9632,-183,-1.8999169435215946
C2166,315604,314300,-1304,-0.41489023226216987
C2170,49784,50733,949,1.8705773362505667
C2174,7952,8234,282,3.4248239008987125
C2178,302232,309384,7152,2.3116903265844386
C2182,70794,72392,1598,2.2074262349430875
C2184,7563,7539,-24,-0.31834460803820136
C2190,17460,17360,-100,-0.5760368663594471
C2198,8342,9012,670,7.434531735463826
C2202,277086,295292,18206,6.1654227002424715
C2206,25366,25745,379,1.4721305107787919
C2210,22907,22501,-406,-1.8043642504777566
C2214,91146,93028,1882,2.023046824611945
C2218,257990,269534,11544,4.282947605867905
C2222,493358,543400,50042,9.209054103790946
C2226,21596,22554,958,4.247583577192516
C2228,12560,13674,1114,8.146848032762907
C2230,45570,44538,-1032,-2.317122457227536
C2234,5537,5851,314,5.366603999316356
C2238,121510,130322,8812,6.761713294762204
C2242,263954,268070,4116,1.535419853023464
C2250,172332,177758,5426,3.0524645866852684
C2252,106018,110390,4372,3.9605036688105804
C2254,93198,91616,-1582,-1.7267726161369192
C2258,18308,18245,-63,-0.3453000822143053
C2262,7192,6762,-430,-6.359065365276545
C2266,327218,353892,26674,7.5373277723147165
C2270,17580,17657,77,0.43608767061222176
C2278,13013,13459,446,3.313767739059365
C2280,20363,19333,-1030,-5.327678063414886
C2282,12650,12878,228,1.7704612517471658
C2286,12762,12552,-210,-1.6730401529636711
C2290,210150,216962,6812,3.1397203196873185
C2306,426932,448400,21468,4.787689562890277
C2314,11139,11613,474,4.081632653061225
C2318,36068,39158,3090,7.891107819602635
C2324,10961,12567,1606,12.779501869976922
C2330,16974,17054,80,0.46909815878972677
C2334,17567,18683,1116,5.973344751913504
C2338,24892,25476,584,2.2923535876903753
C2342,786340,841340,55000,6.5371906720232005
C2346,69132,65950,-3182,-4.824867323730098
C2350,20795,18524,-2271,-12.259771107752107
C2354,275882,287568,11686,4.063734490624826
C2358,180426,204448,24022,11.749686961965878
C2362,14740,16400,1660,10.121951219512196
C2366,17484,16836,-648,-3.848895224518888
C2370,21109,20374,-735,-3.6075390203200155
C2378,20973,21972,999,4.546695794647734
C2382,19394,20005,611,3.0542364408897775
C2386,23677,25339,1662,6.559059157819962
C2390,69752,66488,-3264,-4.909156539525929
C2394,24973,25157,184,0.731406765512581
C2398,17773,17991,218,1.2117169695959091
C2402,101572,99846,-1726,-1.7286621396951303
C2406,44236,46973,2737,5.826751538117643
C2410,16422,16478,56,0.33984706881903143
C2414,83268,84398,1130,1.338894286594469
C2422,102406,105166,2760,2.6244223418215014
C2426,82040,87578,5538,6.32350590330905
C2430,124224,132948,8724,6.5619640761801605
C2434,1119574,1164636,45062,3.869191747464444
C2438,7536,7043,-493,-6.999858015050404
C2442,57156,62652,5496,8.772265849454127
C2446,12024,11408,-616,-5.399719495091164
C2450,70322,74032,3710,5.011346444780635
C2454,226832,235740,8908,3.7787392890472553
C2458,345908,347998,2090,0.6005781642423232
C2462,24648,25152,504,2.0038167938931295
C2464,26113,26263,150,0.5711457183109317
C2466,707172,720152,12980,1.8023972716870882
C2470,14403,14096,-307,-2.177922814982974
C2474,16024,14418,-1606,-11.138854210015259
C2478,154110,164386,10276,6.25114060808098
C2482,17916,18305,389,2.1251024310297733
C2486,741093,803122,62029,7.723484103286923
C2490,15516,13841,-1675,-12.101726753847265
C2494,34122,33680,-442,-1.312351543942993
C2498,10267,9291,-976,-10.504789581315253
C2502,27774,28694,920,3.2062452080574335
C2506,296776,308142,11366,3.688559170771917
C2510,9527,9801,274,2.7956330986634015
C2518,198944,191367,-7577,-3.959407839387146
C2520,15126,17032,1906,11.190699859088774
C2522,88532,94992,6460,6.800572679804614
C2526,96016,101404,5388,5.313399865883003
C2530,16426,16622,196,1.1791601491998558
C2542,654210,675008,20798,3.08114866786764
C2546,15137,15608,471,3.0176832393644286
C2550,120054,134246,14192,10.571637143751024
C2554,1238118,664549,-573569,-86.30951216539337
C2558,15043,15696,653,4.160295616717635
C2562,122906,125322,2416,1.9278338998739246
C2570,15248,16096,848,5.2683896620278325
C2572,9885,12128,2243,18.494393139841687
C2574,38136,41851,3715,8.876729349358438
C2576,5215,4538,-677,-14.918466284706918
C2578,14386,14204,-182,-1.281329203041397
C2582,7845,8460,615,7.2695035460992905
C2584,35763,39937,4174,10.451461051155569
C2586,282937,311240,28303,9.093625498007968
C2588,12135,12524,389,3.106036410092622
C2590,73107,74763,1656,2.21499939809799
C2594,153952,163396,9444,5.779823251487184
C2598,36307,41958,5651,13.468230134896803
C2602,32753,33680,927,2.752375296912114
C2609,39279,40429,1150,2.844492814563803
C2614,64588,69880,5292,7.572982255294791
C2622,13558,13866,308,2.2212606375306505
C2630,74698,76576,1878,2.452465524446302
C2634,11715,12459,744,5.97158680471948
C2638,167132,167018,-114,-0.06825611610724593
C2642,5702263,6111237,408974,6.69216395960425
C2646,20811,20978,167,0.7960720755076747
C2650,12243,12239,-4,-0.03268240869352071
C2654,13378,13736,358,2.6062900407687826
C2658,254038,261066,7028,2.692039560877326
C2662,464930,526374,61444,11.673068958573182
C2666,27412,28136,724,2.5732158089280635
C2670,8354,8640,286,3.3101851851851856
C2674,26068,26655,587,2.2022134683924217
C2678,15646,15648,2,0.012781186094069532
C2682,130738,161366,30628,18.980454370809216
C2686,29185,27985,-1200,-4.288011434697159
C2690,2035642,2208018,172376,7.806820415413281
C2694,7869,8669,800,9.228284692582767
C2696,20644,19547,-1097,-5.612114390955133
C2698,151362,154019,2657,1.7251118368512977
C2702,14319,14725,406,2.757215619694397
C2706,97080,95308,-1772,-1.8592353212741848
C2710,112414,112854,440,0.38988427525829833
C2714,464467,512992,48525,9.45921183956085
C2716,10271,10384,113,1.0882126348228043
C2718,132592,139336,6744,4.840098754090831
C2722,23984,27296,3312,12.133645955451348
C2726,1387838,1517150,129312,8.5233497017434
C2730,14840,14657,-183,-1.2485501808009825
C2734,98222,109972,11750,10.684537882370059
C2738,14780,14899,119,0.7987113229075776
C2742,10797,11048,251,2.271904417089066
C2746,46859,46137,-722,-1.564904523484405
C2750,133110,137646,4536,3.295409964692036
C2754,31306,30953,-353,-1.1404387296869447
C2758,2796,3120,324,10.384615384615385
C2760,31867,49104,17237,35.10304659498208
C2762,127636,154556,26920,17.417635031962526
C2770,8109,8658,549,6.340956340956342
C2774,154224,166568,12344,7.41078718601412
C2778,98730,95882,-2848,-2.970317682150977
C2786,115174,120414,5240,4.351653462222001
C2790,153250,162284,9034,5.566784156170663
C2792,13208,12635,-573,-4.535021764938662
C2794,16102,16149,47,0.291039692860239
C2798,154312,137121,-17191,-12.537102267340524
C2802,280452,283098,2646,0.9346586694360257
C2806,42864,49743,6879,13.829081478801037
C2810,83546,77634,-5912,-7.615220135507639
C2814,2091904,2178628,86724,3.980670403575094
C2818,34068,32471,-1597,-4.918234732530566
C2826,29163,30227,1064,3.5200317596850494
C2830,31292,31754,462,1.4549348113623481
C2834,18006,16703,-1303,-7.800993833443094
C2838,8682,9155,473,5.166575641725833
C2842,242918,262940,20022,7.61466494257245
C2850,18343,19262,919,4.771051811857544
C2854,6146,6413,267,4.163418057071573
C2858,42305,47055,4750,10.094570183827436
C2862,17062,19515,2453,12.569818088649756
C2866,283806,302020,18214,6.030726441957486
C2870,228936,235678,6742,2.8606827960182963
C2874,117518,117114,-404,-0.3449630274775006
C2878,12550,12357,-193,-1.5618677672574248
C2882,28633,29532,899,3.044155492347284
C2886,10381,10555,174,1.6485078162008528
C2890,22370,23320,950,4.073756432246999
C2894,722957,843004,120047,14.240383201028703
C2902,75506,70672,-4834,-6.840049807561694
C2906,25296,25138,-158,-0.6285305115761
C2910,146758,150096,3338,2.2239100309135487
C2918,392378,399346,6968,1.7448528343842182
C2920,168118,202888,34770,17.13753400891132
C2926,10109,10473,364,3.4756039339253317
C2930,40213,41440,1227,2.960907335907336
C2934,213450,184260,-29190,-15.841745359817649
C2938,24759,24958,199,0.7973395304110906
C2942,103930,111650,7720,6.914464845499328
C2946,466764,528982,62218,11.761836886699358
C2950,4308,4269,-39,-0.9135628952916374
C2954,486596,504950,18354,3.6348153282503217
C2962,420530,435040,14510,3.3353254873115112
C2966,15434,16890,1456,8.62048549437537
C2970,210064,214040,3976,1.8575967108951597
C2974,147706,158232,10526,6.652257444764649
C2978,7724,7807,83,1.0631484565133855
C2982,2064656,2241558,176902,7.891921600957905
C2986,31666,31871,205,0.6432179724514449
C2990,11747,11754,7,0.05955419431682832
C2994,84295,101368,17073,16.84259332333675
C2998,10961,11978,1017,8.49056603773585
C3002,87198,86904,-294,-0.33830433581883457
C3006,13491,14040,549,3.91025641025641
C3014,101456,106774,5318,4.980613257909229
C3022,9785,9195,-590,-6.416530723219141
C3026,17368,17468,100,0.572475383558507
C3028,9611,10142,531,5.2356537172155395
C3030,54182,58230,4048,6.951743087755452
C3034,98666,96740,-1926,-1.9909034525532356
C3038,15929,16288,359,2.2040766208251474
C3042,11818,12236,418,3.4161490683229814
C3046,538738,571646,32908,5.756709572007851
C3058,10789,11141,352,3.1595009424647698
C3062,99720,99342,-378,-0.38050371444102193
C3066,8868,7993,-875,-10.947078693857124
C3070,353360,362796,9436,2.6009107046384194
C3078,669734,711758,42024,5.90425397396306
C3082,12860,12543,-317,-2.527306067129076
C3086,123032,136376,13344,9.784712852701356
C3088,9926,10541,615,5.8343610663124945
C3090,14333,14438,105,0.727247541210694
C3094,47440,48769,1329,2.72509175910927
C3098,191150,193792,2642,1.3633173712021136
C3102,78776,82488,3712,4.500048491901852
C3106,17508,22297,4789,21.478225770282997
C3108,12322524,12428692,106168,0.8542170004695586
C3114,1283026,1348446,65420,4.851510553629882
C3118,287644,311844,24200,7.760290401611061
C3122,9685,9938,253,2.545783859931576
C3126,34764,35761,997,2.787953357009032
C3130,39499,38781,-718,-1.851422088135943
C3134,197932,195134,-2798,-1.4338864575112487
C3138,10185,10216,31,0.3034455755677369
C3142,196642,191210,-5432,-2.840855603786413
C3146,103366,113112,9746,8.616238772190396
C3150,12493,12882,389,3.0197174351808727
C3154,704857,813174,108317,13.320273397821378
C3158,16553,17775,1222,6.874824191279888
C3162,8045,8267,222,2.685375589693964
C3166,17487,17297,-190,-1.0984563797190265
C3168,8531,8109,-422,-5.204094216302874
C3170,411752,407984,-3768,-0.9235656300247068
C3174,66208,80414,14206,17.666078046111373
C3182,33056,33213,157,0.4727064703579924
C3186,110476,111422,946,0.849024429645851
C3190,98806,97950,-856,-0.8739152628892293
C3193,24498,24971,473,1.894197268831845
C3194,25116,25036,-80,-0.3195398625978591
C3198,26810,27246,436,1.600234896865595
C3200,15731,15728,-3,-0.019074262461851475
C3202,24275,23256,-1019,-4.381664946680427
C3210,25990,26076,86,0.32980518484430127
C3214,13562,13901,339,2.438673476728293
C3218,8853,9177,324,3.5305655442955213
C3222,22742,21867,-875,-4.001463392326336
C3226,16263,15714,-549,-3.493699885452463
C3228,10918,11073,155,1.3998013185225322
C3230,24824,24806,-18,-0.0725630895751028
C3234,7782,8595,813,9.458987783595113
C3238,26766,25454,-1312,-5.154396165632121
C3242,54108,71506,17398,24.330825385282353
C3246,11417,11729,312,2.6600733225338904
C3250,8184,7957,-227,-2.8528339826567803
C3254,16027,15073,-954,-6.329197903536124
C3258,536554,586534,49980,8.521245145208974
C3262,16595,16982,387,2.278883523731009
C3266,12866,13444,578,4.299315679857186
C3270,15574,16216,642,3.9590527873704984
C3274,29372,29109,-263,-0.9035006355422721
C3278,180262,181610,1348,0.7422498761081437
C3282,1234646,1256240,21594,1.7189390562312934
C3286,17404,17953,549,3.057984737926809
C3290,157132,164718,7586,4.605446884979177
C3294,37439,36288,-1151,-3.171847442680776
C3298,10417,10172,-245,-2.4085725521038146
C3302,8717,8230,-487,-5.917375455650061
C3306,12559,13021,462,3.548114584133323
C3310,5255948,5639090,383142,6.79439413096794
C3314,79744,82542,2798,3.3897894405272466
C3318,8039,8562,523,6.108385891146928
C3322,70414,76742,6328,8.245810638242421
C3326,219632,237304,17672,7.4469878299565115
C3330,17180,17275,95,0.5499276410998553
C3334,1645240,1638378,-6862,-0.41882886611026265
C3342,8481,8313,-168,-2.0209310718152294
C3346,3851630,3645396,-206234,-5.657382627292069
C3350,33031,33651,620,1.8424415321981518
C3354,120690,129778,9088,7.002727735055249
C3358,12551,13230,679,5.132275132275133
C3362,9199,9555,356,3.725798011512297
C3366,341922,345294,3372,0.9765591061530174
C3370,380442,391282,10840,2.77038044172745
C3374,149332,149404,72,0.04819148081711333
C3378,76848,82722,5874,7.100892144774063
C3386,324496,339076,14580,4.299920961672309
C3394,15299,16917,1618,9.564343559732812
C3398,22850,24861,2011,8.088974699328265
C3402,20695,20552,-143,-0.6957960295834955
C3406,127290,133564,6274,4.697373543769279
C3410,90906,96550,5644,5.845675815639565
C3414,13404,14606,1202,8.229494728193892
C3418,36518,40983,4465,10.894761242466389
C3422,15013,15585,572,3.670195700994546
C3426,14934,16105,1171,7.27103384042223
C3430,7012,7457,445,5.967547271020518
C3434,28075,29495,1420,4.814375317850484
C3438,27888,26751,-1137,-4.250308399685993
C3442,16527,17273,746,4.318879175591964
C3446,12959,14009,1050,7.495181668927119
C3450,19611,19288,-323,-1.6746163417669016
C3454,19863,20377,514,2.5224517838739757
C3458,102644,105408,2764,2.6221918639951425
C3462,82053,90652,8599,9.485725632087544
C3466,15953,15806,-147,-0.9300265721877767
C3470,22695,21660,-1035,-4.778393351800554
C3474,121054,124880,3826,3.0637411915438824
C3478,30426,28017,-2409,-8.598351001177857
C3482,315034,360168,45134,12.531374247573353
C3486,22615,23303,688,2.9524095610007297
C3490,151080,151654,574,0.3784931488783678
C3494,317116,347194,30078,8.663168142306606
C3498,1995754,2221584,225830,10.16526946539046
C3502,15567,15261,-306,-2.0051110674267743
C3506,13219,14501,1282,8.840769602096406
C3510,88484,93844,5360,5.711606495886791
C3514,14329,14539,210,1.4443909484833894
C3522,13067,13572,505,3.7208959622752724
C3526,27737,27026,-711,-2.630799970398875
C3530,732992,762948,29956,3.9263488468414627
C3538,1104012,1081562,-22450,-2.075701624132505
C3542,35630,37463,1833,4.89282758988869
C3544,17948,18188,240,1.3195513525401363
C3546,7302,7986,684,8.564988730277987
C3550,11278,10199,-1079,-10.579468575350525
C3558,13627,13285,-342,-2.574331953330824
C3562,18940584,19444024,503440,2.58917598538245
C3566,118002,119328,1326,1.1112228479485116
C3570,14180,14286,106,0.7419851602967941
C3574,24737,25688,951,3.702117720336344
C3582,14296,14907,611,4.098745555779164
C3584,614646,674640,59994,8.892742796157952
C3586,7518,8112,594,7.322485207100591
C3590,20624,19091,-1533,-8.029961762086847
C3594,20096,21475,1379,6.421420256111758
C3598,238434,239430,996,0.4159879714321513
C3602,16933,18230,1297,7.114646187602852
C3610,215970,239844,23874,9.95397008055236
C3614,65504,76220,10716,14.059302020467069
C3622,158508,157796,-712,-0.45121549342188644
C3626,528864,587876,59012,10.038171315039227
C3630,34873,35110,237,0.6750213614354884
C3634,17390,16426,-964,-5.868744673079265
C3638,11634,12411,777,6.260575296108291
C3642,1239350,1342596,103246,7.690027379792581
C3646,29018,28186,-832,-2.9518200525083373
C3650,236658,255934,19276,7.531629248165543
C3654,900092,988324,88232,8.927436751510639
C3658,22775,21933,-842,-3.8389641179957144
C3662,19077,20324,1247,6.135603227711081
C3666,23595,23451,-144,-0.6140463093258284
C3670,28371,28503,132,0.4631091464056415
C3674,2558124,2801152,243028,8.676001873514897
C3678,185090,186484,1394,0.7475172132729886
C3682,7841,7850,9,0.11464968152866241
C3683,7531,8349,818,9.79758054856869
C3684,9191,10295,1104,10.723652258377854
C3686,54288,51607,-2681,-5.1950316817486
C3690,17757,17572,-185,-1.0528112906897336
C3694,20593,18971,-1622,-8.549891940329978
C3698,103366,104954,1588,1.5130438096689978
C3702,15268,15472,204,1.3185108583247156
C3706,23865,25134,1269,5.048937693960372
C3708,20671,20451,-220,-1.0757420175052566
C3710,657010,664814,7804,1.1738621629508403
C3712,17127,18105,978,5.40182270091135
C3714,45407,49878,4471,8.96387184730743
C3722,12875,13777,902,6.547143790375263
C3726,16126,17490,1364,7.79874213836478
C3730,20053,20152,99,0.49126637554585156
C3734,447540,484916,37376,7.707726699057156
C3742,7533,7474,-59,-0.7894032646507895
C3746,154144,169652,15508,9.141065239431306
C3750,15221,15994,773,4.8330623983994
C3754,11369,11819,450,3.807428716473475
C3758,21565,22419,854,3.8092689236808064
C3762,65284,73952,8668,11.721116399826915
C3766,8425,8651,226,2.6124147497399144
C3774,14416,15116,700,4.630854723471818
C3778,8665,7930,-735,-9.26860025220681
C3786,357260,380444,23184,6.093932352724711
C3790,308695,315039,6344,2.013718936385654
C3794,8814,8933,119,1.332139258927572
C3798,5327942,5478630,150688,2.7504686390575745
C3806,4331910,4714190,382280,8.109134336969872
C3810,10627,11575,948,8.190064794816415
C3818,12117,13041,924,7.085346215780998
C3822,61124,59020,-2104,-3.5648932565232125
C3824,36637,39951,3314,8.295161572926837
C3826,16833,17811,978,5.490988714839144
C3830,2207524,2157320,-50204,-2.327146644911279
C3834,117244,117758,514,0.43648839144686563
C3838,11281,11071,-210,-1.8968476199078674
C3842,17727,17561,-166,-0.9452764648937987
C3846,33329,33149,-180,-0.5430028055144952
C3850,18098,19329,1231,6.368668839567489
C3854,67248,73994,6746,9.116955428818553
C3858,16546,17125,579,3.381021897810219
C3862,17636,17265,-371,-2.1488560671879524
C3866,134542,150670,16128,10.704187960443353
C3870,13346,14088,742,5.266893810335037
C3874,17947,18282,335,1.8324034569521932
C3878,6019,6103,84,1.3763722759298707
C3882,23103,24570,1467,5.970695970695971
C3884,12062,13040,978,7.5
C3886,515177,566630,51453,9.080528740094946
C3890,2413858,2450494,36636,1.495045488787159
C3892,12913,13629,716,5.253503558588305
C3894,304372,336146,31774,9.452440308675397
C3902,23386,24891,1505,6.0463621389257165
C3906,49677,49957,280,0.5604820145324979
C3914,131492,141596,10104,7.135794796463177
C3922,8487,8507,20,0.23510050546608677
C3926,6420,7204,784,10.882842865074958
C3930,1385830,1417746,31916,2.2511789841057563
C3934,509796,598146,88350,14.770641281560021
C3938,125174,125962,788,0.6255854940378844
C3942,18295,19618,1323,6.743806708125192
C3946,99662,112580,12918,11.474507017232192
C3950,34526,34838,312,0.8955737987255297
C3954,146834,153370,6536,4.261589619873509
C3958,1275256,1456830,181574,12.463636800450292
C3966,130322,143308,12986,9.06160158539649
C3970,3823,4179,356,8.518784398181383
C3974,347580,345412,-2168,-0.6276562481905666
C3978,18798,20120,1322,6.570576540755467
C3982,133776,138512,4736,3.4191983366062146
C3986,21165,21319,154,0.7223603358506496
C3990,460565,522140,61575,11.792814187765734
C3994,18581,21051,2470,11.73340933922379
C3998,29673,29694,21,0.07072135785007072
C4006,1288402,1323200,34798,2.6298367593712215
C4008,38460,40734,2274,5.5825600235675354
C4010,15259,14835,-424,-2.8581058308055276
C4014,3132942,3370568,237626,7.050028363172023
C4018,14823,15597,774,4.962492787074437
C4022,300728,304532,3804,1.2491298123021555
C4026,20822,20381,-441,-2.163779991168245
C4030,15206,14961,-245,-1.6375910701156338
C4034,238682,242858,4176,1.71952334285879
C4038,1007446,1001586,-5860,-0.5850720756879588
C4042,280896,275662,-5234,-1.8987020336499048
C4046,13531,14571,1040,7.137464827396885
C4054,21223,20957,-266,-1.2692656391659112
C4058,112386,111130,-1256,-1.1302078646630072
C4062,18163,19357,1194,6.168311205248747
C4066,78812,89040,10228,11.486972147349505
C4070,38859,38790,-69,-0.17788089713843774
C4074,21582,21430,-152,-0.7092860475968269
C4078,31461,33917,2456,7.241206474629242
C4082,19174,18478,-696,-3.7666414114081608
C4086,26890,25745,-1145,-4.447465527286852
C4090,2045278,2139778,94500,4.4163459947714205
C4094,9643,10701,1058,9.886926455471452
C4098,163944,160910,-3034,-1.885526070474178
C4106,195277,207892,12615,6.068054566794297
C4110,138504,169834,31330,18.44742513277671
C4114,100088,108496,8408,7.749594455095118
C4118,2641568,2673548,31980,1.1961633006027945
C4122,14429,15607,1178,7.547895175241878
C4140,29294,28214,-1080,-3.827886864677111
C4142,351858,381552,29694,7.782425462322305
C4146,29763,32193,2430,7.548224769359798
C4150,349624,355042,5418,1.5260166402848114
C4154,279624,307088,27464,8.943364768405146
C4162,1473996,1636234,162238,9.915329958917857
C4166,97472,94154,-3318,-3.524013849650572
C4170,2061118,2238342,177224,7.917646186328989
C4174,2975674,3086052,110378,3.576673367785118
C4176,14286,16126,1840,11.410145107280169
C4178,34277,33609,-668,-1.9875628551875986
C4182,26118,26434,316,1.1954301278656276
C4186,4911338,4858902,-52436,-1.0791738545045775
C4190,38828,44210,5382,12.173716353766116
C4194,2284524,2286742,2218,0.09699388912260325
C4198,1254722,1396844,142122,10.174507675875045
C4202,236356,237096,740,0.3121098626716604
C4210,202604,203356,752,0.36979484254214284
C4214,123408,124600,1192,0.956661316211878
C4218,7175,6651,-524,-7.878514509096377
C4220,409624,420694,11070,2.631366266217251
C4222,417916,414600,-3316,-0.7998070429329475
C4230,11946,12682,736,5.803501025074909
C4234,358496,392082,33586,8.566065261858489
C4238,22197,22586,389,1.722305853183388
C4242,16155,16536,381,2.3040638606676342
C4246,15119,15667,548,3.497797919193209
C4254,501168,510410,9242,1.8107012009952783
C4262,24006,25770,1764,6.845168800931316
C4266,4107336,4178818,71482,1.7105794030752237
C4268,109060,116826,7766,6.647492852618424
C4270,54668,58338,3670,6.290925297404779
C4274,19355,19445,90,0.4628439187451787
C4278,15245,15573,328,2.106209465099852
C4282,11979,11374,-605,-5.319148936170213
C4286,23881,25483,1602,6.286543970490131
C4290,11780,10231,-1549,-15.140259994135471
C4294,47653,53663,6010,11.199522948772897
C4298,22181,22541,360,1.5970897475710926
C4302,14496,14304,-192,-1.342281879194631
C4306,22577,23087,510,2.2090353878806255
C4310,120404,120780,376,0.3113098195065408
C4314,35809,37269,1460,3.9174649172234295
C4318,15899,18116,2217,12.237800839037314
C4322,14174,15055,881,5.851876453005646
C4326,13112,14189,1077,7.59038691944464
C4330,95546,105416,9870,9.362905061850194
C4332,26334,28122,1788,6.358011521228931
C4334,343898,346008,2110,0.6098124898846269
C4338,26890,27094,204,0.7529342289805862
C4342,70330,69924,-406,-0.5806303987186088
C4346,15414,16344,930,5.690161527165932
C4350,9337,9518,181,1.9016600126076908
C4358,172644,178070,5426,3.047116302577638
C4362,309678,340866,31188,9.149636514055375
C4366,6129,6189,60,0.9694619486185166
C4370,26321,26363,42,0.1593141903425255
C4374,24275,23296,-979,-4.202438186813187
C4376,17155,17384,229,1.3173032673722964
C4378,260274,261146,872,0.3339128303707505
C4390,315816,327664,11848,3.6158992138288
C4394,11793,13182,1389,10.53709604005462
C4398,8475,8724,249,2.854195323246217
C4402,9002,9525,523,5.490813648293964
C4406,484940,513756,28816,5.608888266025117
C4410,258190,263498,5308,2.0144365422128443
C4414,543748,539770,-3978,-0.7369805657965429
C4418,410804,444152,33348,7.508240422197806
C4422,92448,94344,1896,2.009666751462732
C4426,20233,20134,-99,-0.49170557266315684
C4430,135984,136180,196,0.14392715523571742
C4434,25914,27772,1858,6.690191559844448
C4442,96574,102100,5526,5.41234084231146
C4446,16667,17667,1000,5.660270560932813
C4450,16894,19038,2144,11.261687152011767
C4454,7780,7855,75,0.9548058561425843
C4458,20762,21092,330,1.5645742461596814
C4462,33382,33013,-369,-1.1177414957743919
C4466,33152,34943,1791,5.125490083850843
C4470,517820,572636,54816,9.572573152927863
C4474,11211,11027,-184,-1.6686315407635803
C4478,21061,21175,114,0.538370720188902
C4486,13016,14479,1463,10.104288970232751
C4490,5578,5098,-480,-9.415457041977247
C4492,32288,33585,1297,3.861843084710436
C4494,74106,72082,-2024,-2.8079132099553283
C4498,26691,26508,-183,-0.6903576278859213
C4500,9209,9058,-151,-1.6670346654890704
C4502,6442,6075,-367,-6.041152263374486
C4506,596166,592686,-3480,-0.5871574493070529
C4514,15858,18143,2285,12.594389020558893
C4518,31728,33222,1494,4.497020046956836
C4522,353518,377708,24190,6.404418227837377
C4530,2658062,2900096,242034,8.345723727766254
C4534,11745,11577,-168,-1.4511531484840632
C4538,9420,9324,-96,-1.0296010296010296
C4546,128842,129120,278,0.21530359355638168
C4550,116264,114286,-1978,-1.730745673135817
C4552,10473,10725,252,2.3496503496503496
C4554,65172,80350,15178,18.889856876166768
C4558,6739,7208,469,6.506659267480577
C4562,20052,21055,1003,4.763714082165756
C4566,18984,19102,118,0.6177363626845357
C4570,21073,22537,1464,6.495984381239738
C4574,8610,8787,177,2.0143393649709798
C4578,582758,585928,3170,0.5410221051050641
C4582,214252,227322,13070,5.7495534968018935
C4586,60326,61759,1433,2.320309590505028
C4590,62597,66225,3628,5.478293695734239
C4594,518044,533830,15786,2.9571211809002866
C4598,14466,15376,910,5.918314255983351
C4602,32903,35195,2292,6.512288677368945
C4606,760936,789336,28400,3.5979608176999403
C4610,40001,41224,1223,2.966718416456433
C4614,868146,907496,39350,4.3361072665885025
C4618,73585,71003,-2582,-3.636466064814163
C4622,207828,211330,3502,1.6571239293995172
C4630,49280,54025,4745,8.782970846830171
C4634,210638,226822,16184,7.135110350847801
C4638,31857,32017,160,0.4997345160383546
C4646,12724,14465,1741,12.035948842032493
C4650,10644,10501,-143,-1.3617750690410437
C4652,940058,915060,-24998,-2.7318427206959104
C4654,239978,234764,-5214,-2.220953808931523
C4662,9658,9667,9,0.09310023792283025
C4666,99129,110348,11219,10.166926450864537
C4670,283420,286216,2796,0.9768845906588032
C4674,8544,8929,385,4.3117930339343715
C4678,11371,11791,420,3.5620388431854804
C4682,5846,6094,248,4.069576632753527
C4686,12290,14873,2583,17.367040946681907
C4690,5927,6047,120,1.984455101703324
C4698,23060,22735,-325,-1.4295139652518143
C4702,77880,78048,168,0.21525215252152521
C4708,13751,13993,242,1.729436146644751
C4718,17150,17334,184,1.0614976347063574
C4722,116590,119792,3202,2.672966475223721
C4724,7216,8104,888,10.957551826258637
C4726,1496606,1509056,12450,0.8250190847788287
C4730,324398,352058,27660,7.85665998216203
C4734,11791,12568,777,6.182367918523234
C4738,234144,254014,19870,7.822403489571441
C4742,9135,9593,458,4.7743146043990405
C4746,57518,60410,2892,4.787286873034266
C4754,21915,22037,122,0.5536143758224804
C4758,150708,156930,6222,3.9648250812464156
C4762,14083,13060,-1023,-7.833078101071976
C4766,15641,16127,486,3.0135797110435916
C4770,37944,36759,-1185,-3.2237003182893984
C4778,12211,13035,824,6.321442270809359
C4782,15460,15525,65,0.4186795491143317
C4790,6004153,6050374,46221,0.763936245924632
C4792,11098,10925,-173,-1.5835240274599542
C4794,172584,161492,-11092,-6.868451688009314
C4798,16034,17276,1242,7.189164158369993
C4802,32785,33904,1119,3.3004955167531853
C4806,77088,78972,1884,2.385655675429266
C4810,7021,7659,638,8.330069199634417
C4814,141352,141708,356,0.2512208202783188
C4818,19717,19493,-224,-1.1491304570871597
C4822,12502,12480,-22,-0.1762820512820513
C4826,73646,73044,-602,-0.8241607798039537
C4830,103880,110780,6900,6.228561112114099
C4846,15297,15610,313,2.0051249199231265
C4854,117876,118042,166,0.14062791209908337
C4858,40830,43372,2542,5.860924098496726
C4862,598772,619046,20274,3.27503933471826
C4866,115004,115440,436,0.3776853776853777
C4870,101470,99418,-2052,-2.0640125530588023
C4878,28710,26781,-1929,-7.20286770471603
C4882,23636,22938,-698,-3.0429854390095037
C4890,260516,288922,28406,9.83171928755858
C4894,17691,19304,1613,8.355781185246581
C4898,36225,36357,132,0.36306625959237565
C4902,124786,137594,12808,9.308545430760063
C4908,7708,7722,14,0.1813001813001813
C4910,23852,23913,61,0.2550913728934053
C4918,531454,546992,15538,2.840626553953257
C4922,37418,36504,-914,-2.5038351961428886
C4926,8414,8349,-65,-0.7785363516588814
C4930,48164,48470,306,0.6313183412420054
C4934,720843,397360,-323483,-81.40804308435675
C4938,10490,9921,-569,-5.735308940630985
C4942,215174,222640,7466,3.353395616241466
C4946,12636,13185,549,4.163822525597269
C4962,357184,370936,13752,3.707378092177626
C4966,404054,407544,3490,0.8563492530867833
C4970,99348,105748,6400,6.052123917237205
C4974,156478,159864,3386,2.1180503427913724
C4978,33402,35597,2195,6.166249964884681
C4982,3353,2847,-506,-17.77309448542325
CS104,549548,550562,1014,0.1841754425477966
CS106,489616,512775,23159,4.5164058310175035
CS108,124658,130846,6188,4.729223667517539
CS118,215647,217849,2202,1.01079187877842
CS120,203471,215907,12436,5.759887358909159
CS122,2989775,3211913,222138,6.916065285703567
CS140,91942,99747,7805,7.824796735741425
CS142,556229,581491,25262,4.344349267658485
CS144,83447,86161,2714,3.1499170158192222
CS145,99681,109147,9466,8.672707449586339
CS146,99800,100517,717,0.7133121760498224
CS147,359362,412295,52933,12.838622830740126
CS148,4174727,4227248,52521,1.242439525667763
CS150,91069,97832,6763,6.912871044239104
CS154,147094,161107,14013,8.697946085520803
CS160,564379,562949,-1430,-0.2540194582457736
CS162,434315,475697,41382,8.699235017248375
CS164,59326,61513,2187,3.5553460244176027
CS168,231604,231225,-379,-0.16390961184992972
CS170,261838,271007,9169,3.3833074422431895
CS172,1280862,1403111,122249,8.712710541076223
CS174,405268,426603,21335,5.001136888395065
CS176,4617745,4680126,62381,1.332891464887911
CS178,1080239,1118887,38648,3.454146844140651
CS184,1608971,1609995,1024,0.06360268199590682
CS185,18146,19391,1245,6.420504357691713
CS188,23517,24268,751,3.0946101862535027
CS190,110776,117447,6671,5.680008855058026
CS192,418594,437842,19248,4.396106358001288
CS194,185404,192431,7027,3.651698530901985
CS198,1194897,1243770,48873,3.929424250464314
CS204,213399,221396,7997,3.6120797123705937
CS206,3780163,4198748,418585,9.969281319097979
CS209,220286,221199,913,0.41275050972201505
CS212,471709,477376,5667,1.1871145595924386
CS216,1819625,1932068,112443,5.8198262172967
CS217,21196,21644,448,2.069857697283312
CS218,429677,458287,28610,6.242812909814155
CS220,2326020,2349589,23569,1.0031116080301705
CS221,33657,33738,81,0.24008536368486572
CS222,90670,95841,5171,5.39539445540009
CS232,99182,102923,3741,3.634756079787803
CS233,81004,83534,2530,3.0287068738477743
CS236,71919,69211,-2708,-3.9126728410223808
CS238,387980,412303,24323,5.8993022122080125
CS240,149761,148136,-1625,-1.0969649511259922
CS244,147678,157239,9561,6.080552534676512
CS246,180241,185302,5061,2.731217148222901
CS248,64554,63640,-914,-1.436203645505971
CS258,296055,306030,9975,3.259484364278012
CS260,444853,477226,32373,6.78357843034537
CS264,162700,168742,6042,3.5806141920802173
CS266,693443,718355,24912,3.467923241294346
CS267,187450,188303,853,0.45299331396738235
CS268,710083,731506,21423,2.9286157598160507
CS273,636269,671662,35393,5.2694658920707145
CS274,92515,97718,5203,5.324505208866329
CS276,591301,609603,18302,3.0022818129175874
CS277,113763,118173,4410,3.731816912492701
CS278,738276,737236,-1040,-0.14106744651644793
CS280,168206,171348,3142,1.8336951700632629
CS284,45880,46397,517,1.1142961829428626
CS288,3106852,3330029,223177,6.701953646649924
CS290,325541,362147,36606,10.108050045975805
CS292,102480,117432,14952,12.732474964234623
CS294,1185967,1273298,87331,6.8586458158263035
CS296,66385,64846,-1539,-2.373315239182062
CS298,291679,292036,357,0.12224520264624911
CS300,724474,791672,67198,8.488111237987448
CS304,191580,201123,9543,4.744857624438776
CS306,73640,71237,-2403,-3.3732470485843034
CS308,72808,76201,3393,4.4526974711617955
CS309,89184,94163,4979,5.287639518706923
CS310,214674,216666,1992,0.9193874442690594
CS312,1178366,1226198,47832,3.9008382006821085
CS314,486325,531426,45101,8.486788376933006
CS316,46567,44269,-2298,-5.190991438704285
CS318,240479,243676,3197,1.3119880497053464
CS320,104677,113057,8380,7.41219031108202
CS330,225533,232992,7459,3.201397472874605
CS332,1097168,1190381,93213,7.830518128229532
CS336,356856,379724,22868,6.022268805764186
CS338,103151,103982,831,0.7991767805966418
CS339,185496,190135,4639,2.43984537302443
CS340,389435,411159,21724,5.28360074812907
CS346,118317,118763,446,0.37553783585796924
CS348,8056238,8232037,175799,2.1355467668573405
CS350,724738,763346,38608,5.057732666444837
CS352,153607,165117,11510,6.970814634471314
CS356,173675,174070,395,0.22692020451542486
CS357,492976,510915,17939,3.511151561414325
CS358,51111,52842,1731,3.2758033382536618
CS359,68865,68996,131,0.1898660791929967
CS360,80598,80121,-477,-0.595349533830082
CS362,23642,25538,1896,7.424230558383585
CS364,50296,57858,7562,13.069929828200074
CS365,283536,308102,24566,7.973333506436179
CS366,118709,122131,3422,2.80190942512548
CS368,624515,634882,10367,1.6329018620783076
CS370,2846324,3058442,212118,6.93549199232812
CS372,189070,197550,8480,4.292584155909896
CS376,1004433,1009335,4902,0.48566630504242897
CS378,2091103,2099532,8429,0.40147042293234875
CS380,245259,255372,10113,3.96010525821155
CS382,268787,278000,9213,3.314028776978417
CS384,100207,99292,-915,-0.9215243927003183
CS390,81105,84142,3037,3.6093746286040265
CS393,44049,49332,5283,10.709073218195087
CS394,40670,39400,-1270,-3.2233502538071064
CS396,181194,205423,24229,11.794687060358383
CS400,1034348,1151028,116680,10.137025337350613
CS404,67092,71783,4691,6.534973461683129
CS406,617217,611036,-6181,-1.0115606936416186
CS408,11041762,11344089,302327,2.66506195429179
CS412,366823,403432,36609,9.074391719050547
CS416,642252,694385,52133,7.507794667223515
CS420,494869,512845,17976,3.5051526289619668
CS422,1512077,1658626,146549,8.835566306087086
CS424,56824,61607,4783,7.763728147775415
CS425,59418,61947,2529,4.082522156036612
CS426,171452,174859,3407,1.9484270183404915
CS428,3260386,3346988,86602,2.5874607258824946
CS430,1197507,1170193,-27314,-2.334144880374434
CS434,79234,87736,8502,9.690434941187199
CS438,321002,331685,10683,3.2208269894628936
CS440,1507955,1544954,36999,2.3948285838931125
CS444,75829,77292,1463,1.8928220255653883
CS446,31699,34224,2525,7.377863487611033
CS448,50952,51460,508,0.9871745044694908
CS450,1042506,1160248,117742,10.148002840771973
CS452,76954,84836,7882,9.29086708472818
CS454,85686,89376,3690,4.128625134264232
CS456,304606,326438,21832,6.6879468689307
CS458,35571,35547,-24,-0.06751624609671703
CS462,135792,138192,2400,1.736714136853074
CS464,538050,533953,-4097,-0.7672959979623675
CS466,172628,169846,-2782,-1.6379543822050562
CS468,113240,112303,-937,-0.834349928318923
CS470,44984,49618,4634,9.33935265427869
CS472,1105216,1157958,52742,4.554742054547747
CS474,151213,152452,1239,0.8127148217143757
CS476,1356131,1372008,15877,1.1572089958659133
CS482,1298501,1456841,158340,10.868722118611434
CS488,4384351,4387053,2702,0.0615903204269472
CS490,679836,758216,78380,10.33742363653629
CS496,225327,244792,19465,7.951648746691069
CS500,2373289,2424215,50926,2.100721264409304
CS512,92168,95129,2961,3.1126155010564602
CS515,337456,338923,1467,0.4328416779032405
CS518,304620,326929,22309,6.823805780459978
CS520,236845,257860,21015,8.149771193670984
CS521,297987,296148,-1839,-0.6209732971352162
CS522,162223,163723,1500,0.9161815994087574
CS524,97572,97487,-85,-0.08719111266117534
CS525,21204,22523,1319,5.8562358478000265
CS532,322854,321323,-1531,-0.4764676042486844
CS533,184925,197106,12181,6.1799234929428835
CS534,303441,306004,2563,0.837570750709141
CS536,394648,408954,14306,3.498192950796422
CS538,499114,519149,20035,3.859200345180285
CS540,120099,128310,8211,6.399345335515548
CS544,51853,52653,800,1.5193816116840446
CS545,783766,794046,10280,1.2946353233943626
CS546,210207,226731,16524,7.28793151355571
CS548,4797684,4848263,50579,1.0432396097323928
CS554,151893,150543,-1350,-0.8967537514198601
CS556,312994,322814,9820,3.041999417621293
CS558,63595,62252,-1343,-2.1573604060913705
CS566,231321,231986,665,0.2866552291948652
US000,460850716,484560799,23710083,4.893107954446807
USCMS,113095485,117423626,4328141,3.685920071996414
USMSA,127743906,133083388,5339482,4.0121326036574905
USNMS,19487523,21931077,2443554,11.141969908728148
